 -1.076876800000e-003
 -2.307181084724e-003
 -3.690158602778e-003
 -5.225033734552e-003
 -6.911007677438e-003
 -8.747258335349e-003
 -1.073294065582e-002
 -1.286718685448e-002
 -1.514910649727e-002
 -1.757778708437e-002
 -2.015229266042e-002
 -2.287166668327e-002
 -2.573493054727e-002
 -2.874108351338e-002
 -3.188910393896e-002
 -3.517794862519e-002
 -3.860655462087e-002
 -4.217383588380e-002
 -4.587868813320e-002
 -4.971998609256e-002
 -5.369658458278e-002
 -5.780731752756e-002
 -6.205100115368e-002
 -6.642643113339e-002
 -7.093238481645e-002
 -7.556761920829e-002
 -8.033087448796e-002
 -8.522087096804e-002
 -9.023631292364e-002
 -9.537588504707e-002
 -1.006382555506e-001
 -1.060220695321e-001
 -1.115259691811e-001
 -1.171485593538e-001
 -1.228884487517e-001
 -1.287442239552e-001
 -1.347144426055e-001
 -1.407976605673e-001
 -1.469924100054e-001
 -1.532972200962e-001
 -1.597105894408e-001
 -1.662310136032e-001
 -1.728569646607e-001
 -1.795869116287e-001
 -1.864192946929e-001
 -1.933525577576e-001
 -2.003851202368e-001
 -2.075153886619e-001
 -2.147417575987e-001
 -2.220626196579e-001
 -2.294763337576e-001
 -2.369812677452e-001
 -2.445757682442e-001
 -2.522581756895e-001
 -2.600268147441e-001
 -2.678799918197e-001
 -2.758160192616e-001
 -2.838331886581e-001
 -2.919297893260e-001
 -3.001040898872e-001
 -3.083543619375e-001
 -3.166788542443e-001
 -3.250758288246e-001
 -3.335435169334e-001
 -3.420801487083e-001
 -3.506839498078e-001
 -3.593531386653e-001
 -3.680859249637e-001
 -3.768805074951e-001
 -3.857350879677e-001
 -3.946478557216e-001
 -4.036169879275e-001
 -4.126406675439e-001
 -4.217170738096e-001
 -4.308443619072e-001
 -4.400207031071e-001
 -4.492442561898e-001
 -4.585131728347e-001
 -4.678256072608e-001
 -4.771797014700e-001
 -4.865736032731e-001
 -4.960054484820e-001
 -5.054733785615e-001
 -5.149755372823e-001
 -5.245100471335e-001
 -5.340750454445e-001
 -5.436686610846e-001
 -5.532890251862e-001
 -5.629342650235e-001
 -5.726025073834e-001
 -5.822918901509e-001
 -5.920005308678e-001
 -6.017265569677e-001
 -6.114681072090e-001
 -6.212233049337e-001
 -6.309902814031e-001
 -6.407671719506e-001
 -6.505521099938e-001
 -6.603432339349e-001
 -6.701386802002e-001
 -6.799365876820e-001
 -6.897351037619e-001
 -6.995323799770e-001
 -7.093265684585e-001
 -7.191158212319e-001
 -7.288982992612e-001
 -7.386721630149e-001
 -7.484355858903e-001
 -7.581867390516e-001
 -7.679238001572e-001
 -7.776449568412e-001
 -7.873483990803e-001
 -7.970323189555e-001
 -8.066949245841e-001
 -8.163344261556e-001
 -8.259490361155e-001
 -8.355369749610e-001
 -8.450964731886e-001
 -8.546257769229e-001
 -8.641231307740e-001
 -8.735867872908e-001
 -8.830150124984e-001
 -8.924060748490e-001
 -9.017582526580e-001
 -9.110698396247e-001
 -9.203391354327e-001
 -9.295644402471e-001
 -9.387440791542e-001
 -9.478764223487e-001
 -9.569597751397e-001
 -9.659924372436e-001
 -9.749728145789e-001
 -9.838993150388e-001
 -9.927702805330e-001
 -1.001584122670e+000
 -1.010339275060e+000
 -1.019034119764e+000
 -1.027667082312e+000
 -1.036236646974e+000
 -1.044741221244e+000
 -1.053179324276e+000
 -1.061549400774e+000
 -1.069849952130e+000
 -1.078079544247e+000
 -1.086236680793e+000
 -1.094319838345e+000
 -1.102327638165e+000
 -1.110258635875e+000
 -1.118111394076e+000
 -1.125884503645e+000
 -1.133576626164e+000
 -1.141186385907e+000
 -1.148712365072e+000
 -1.156153214872e+000
 -1.163507698279e+000
 -1.170774498754e+000
 -1.177952244045e+000
 -1.185039700312e+000
 -1.192035629345e+000
 -1.198938738530e+000
 -1.205747820899e+000
 -1.212461688846e+000
 -1.219079156285e+000
 -1.225599042752e+000
 -1.232020160308e+000
 -1.238341381679e+000
 -1.244561595791e+000
 -1.250679700827e+000
 -1.256694588965e+000
 -1.262605207386e+000
 -1.268410527489e+000
 -1.274109496155e+000
 -1.279701110449e+000
 -1.285184371515e+000
 -1.290558274623e+000
 -1.295821898669e+000
 -1.300974314919e+000
 -1.306014602271e+000
 -1.310941859691e+000
 -1.315755191260e+000
 -1.320453723087e+000
 -1.325036658309e+000
 -1.329503199267e+000
 -1.333852500645e+000
 -1.338083766557e+000
 -1.342196251558e+000
 -1.346189234308e+000
 -1.350061996033e+000
 -1.353813816622e+000
 -1.357444027281e+000
 -1.360951959026e+000
 -1.364336992910e+000
 -1.367598534706e+000
 -1.370735942096e+000
 -1.373748622464e+000
 -1.376636032315e+000
 -1.379397654012e+000
 -1.382032994148e+000
 -1.384541536164e+000
 -1.386922787836e+000
 -1.389176306502e+000
 -1.391301650370e+000
 -1.393298427168e+000
 -1.395166268898e+000
 -1.396904784303e+000
 -1.398513606623e+000
 -1.399992418438e+000
 -1.401340927619e+000
 -1.402558866452e+000
 -1.403645967691e+000
 -1.404601940108e+000
 -1.405426565994e+000
 -1.406119677145e+000
 -1.406681081372e+000
 -1.407110635469e+000
 -1.407408197034e+000
 -1.407573622576e+000
 -1.407606844584e+000
 -1.407507792604e+000
 -1.407276375595e+000
 -1.406912547741e+000
 -1.406416341495e+000
 -1.405787784858e+000
 -1.405026885936e+000
 -1.404133672192e+000
 -1.403108202167e+000
 -1.401950575096e+000
 -1.400660926362e+000
 -1.399239353358e+000
 -1.397686039731e+000
 -1.396001161490e+000
 -1.394184894716e+000
 -1.392237471287e+000
 -1.390159064475e+000
 -1.387949950843e+000
 -1.385610461423e+000
 -1.383140815488e+000
 -1.380541318242e+000
 -1.377812367165e+000
 -1.374954314886e+000
 -1.371967480301e+000
 -1.368852243878e+000
 -1.365609021693e+000
 -1.362238292588e+000
 -1.358740500884e+000
 -1.355116068018e+000
 -1.351365466928e+000
 -1.347489216175e+000
 -1.343487864251e+000
 -1.339361952160e+000
 -1.335112028077e+000
 -1.330738632990e+000
 -1.326242381888e+000
 -1.321623929272e+000
 -1.316883851447e+000
 -1.312022825458e+000
 -1.307041541074e+000
 -1.301940635516e+000
 -1.296720798455e+000
 -1.291382773495e+000
 -1.285927293848e+000
 -1.280355104067e+000
 -1.274666979028e+000
 -1.268863728978e+000
 -1.262946083427e+000
 -1.256914908215e+000
 -1.250771040038e+000
 -1.244515333537e+000
 -1.238148603122e+000
 -1.231671745191e+000
 -1.225085663330e+000
 -1.218391261625e+000
 -1.211589498563e+000
 -1.204681312559e+000
 -1.197667590828e+000
 -1.190549327093e+000
 -1.183327500667e+000
 -1.176003093880e+000
 -1.168577195213e+000
 -1.161050749051e+000
 -1.153424789984e+000
 -1.145700410300e+000
 -1.137878628142e+000
 -1.129960554891e+000
 -1.121947226352e+000
 -1.113839794040e+000
 -1.105639388607e+000
 -1.097347122291e+000
 -1.088964047501e+000
 -1.080491332918e+000
 -1.071930227364e+000
 -1.063281819852e+000
 -1.054547278525e+000
 -1.045727871087e+000
 -1.036824743369e+000
 -1.027839081236e+000
 -1.018772171211e+000
 -1.009625217039e+000
 -1.000399421255e+000
 -9.910960709664e-001
 -9.817164035300e-001
 -9.722617069660e-001
 -9.627332344454e-001
 -9.531323171897e-001
 -9.434601632239e-001
 -9.337181216700e-001
 -9.239075045374e-001
 -9.140296341034e-001
 -9.040858034801e-001
 -8.940773339767e-001
 -8.840055352245e-001
 -8.738718081967e-001
 -8.636775240341e-001
 -8.534240196880e-001
 -8.431125853233e-001
 -8.327445900170e-001
 -8.223214968022e-001
 -8.118446272996e-001
 -8.013153329663e-001
 -7.907350286432e-001
 -7.801050973757e-001
 -7.694269541084e-001
 -7.587019797087e-001
 -7.479315726788e-001
 -7.371170794736e-001
 -7.262600120017e-001
 -7.153617153199e-001
 -7.044236024413e-001
 -6.934471152533e-001
 -6.824336661333e-001
 -6.713845959497e-001
 -6.603014319729e-001
 -6.491855643542e-001
 -6.380383672817e-001
 -6.268613162832e-001
 -6.156557993861e-001
 -6.044232549824e-001
 -5.931651583294e-001
 -5.818828424971e-001
 -5.705777818190e-001
 -5.592514125367e-001
 -5.479051176230e-001
 -5.365403705755e-001
 -5.251585521695e-001
 -5.137610777388e-001
 -5.023493625305e-001
 -4.909248429452e-001
 -4.794889250532e-001
 -4.680430234623e-001
 -4.565885424722e-001
 -4.451268830798e-001
 -4.336594469427e-001
 -4.221876392708e-001
 -4.107128535025e-001
 -3.992364825575e-001
 -3.877599046022e-001
 -3.762845140824e-001
 -3.648116808071e-001
 -3.533427882879e-001
 -3.418791939222e-001
 -3.304222672997e-001
 -3.189733715762e-001
 -3.075338540666e-001
 -2.961050599627e-001
 -2.846883380610e-001
 -2.732850224664e-001
 -2.618964368775e-001
 -2.505239017142e-001
 -2.391687321662e-001
 -2.278322489963e-001
 -2.165157409812e-001
 -2.052204992215e-001
 -1.939478230168e-001
 -1.826989807878e-001
 -1.714752453932e-001
 -1.602778772362e-001
 -1.491081321837e-001
 -1.379672557014e-001
 -1.268564782845e-001
 -1.157770316649e-001
 -1.047301326065e-001
 -9.371698753071e-002
 -8.273879943558e-002
 -7.179675972877e-002
 -6.089203886508e-002
 -5.002581326595e-002
 -3.919923966152e-002
 -2.841346904275e-002
 -1.766964185684e-002
 -6.968881073581e-003
  3.687699624106e-003
  1.429898638264e-002
  2.486389227467e-002
  3.538133144403e-002
  4.585023323182e-002
  5.626953857570e-002
  6.663819887113e-002
  7.695517602827e-002
  8.721944479181e-002
  9.743000109679e-002
  1.075858372052e-001
  1.176859770634e-001
  1.277294397456e-001
  1.377152607571e-001
  1.476424990927e-001
  1.575102149321e-001
  1.673174907417e-001
  1.770634205953e-001
  1.867471032353e-001
  1.963676561353e-001
  2.059242191298e-001
  2.154159284870e-001
  2.248419521839e-001
  2.342014570587e-001
  2.434936416068e-001
  2.527177007487e-001
  2.618728504948e-001
  2.709583209820e-001
  2.799733600567e-001
  2.889172284869e-001
  2.977892033324e-001
  3.065885676200e-001
  3.153146243912e-001
  3.239667046723e-001
  3.325441304987e-001
  3.410462563980e-001
  3.494724465330e-001
  3.578220814013e-001
  3.660945532573e-001
  3.742892686818e-001
  3.824056632694e-001
  3.904431741519e-001
  3.984012546763e-001
  4.062793769463e-001
  4.140770274840e-001
  4.217937159997e-001
  4.294289595344e-001
  4.369822913124e-001
  4.444532588980e-001
  4.518414329987e-001
  4.591463930907e-001
  4.663677403883e-001
  4.735050848684e-001
  4.805580582375e-001
  4.875263023424e-001
  4.944094849245e-001
  5.012072742784e-001
  5.079193754497e-001
  5.145454927518e-001
  5.210853506349e-001
  5.275386880870e-001
  5.339052641442e-001
  5.401848591430e-001
  5.463772517958e-001
  5.524822527977e-001
  5.584996820960e-001
  5.644293729899e-001
  5.702711865792e-001
  5.760249879675e-001
  5.816906620273e-001
  5.872681044154e-001
  5.927572359878e-001
  5.981579889825e-001
  6.034703098513e-001
  6.086941621932e-001
  6.138295253914e-001
  6.188763945309e-001
  6.238347795061e-001
  6.287047060424e-001
  6.334862156877e-001
  6.381793648005e-001
  6.427842254071e-001
  6.473008849935e-001
  6.517294466900e-001
  6.560700281217e-001
  6.603227617101e-001
  6.644877961653e-001
  6.685652935280e-001
  6.725554316246e-001
  6.764584033953e-001
  6.802744159380e-001
  6.840036919278e-001
  6.876464675439e-001
  6.912029935816e-001
  6.946735357538e-001
  6.980583739026e-001
  7.013578016919e-001
  7.045721278166e-001
  7.077016744424e-001
  7.107467767595e-001
  7.137077849578e-001
  7.165850631100e-001
  7.193789877826e-001
  7.220899500952e-001
  7.247183540852e-001
  7.272646169446e-001
  7.297291692599e-001
  7.321124545757e-001
  7.344149293259e-001
  7.366370628080e-001
  7.387793369204e-001
  7.408422461530e-001
  7.428262973850e-001
  7.447320098610e-001
  7.465599149036e-001
  7.483105558821e-001
  7.499844881378e-001
  7.515822786799e-001
  7.531045060886e-001
  7.545517605053e-001
  7.559246434586e-001
  7.572237674981e-001
  7.584497563741e-001
  7.596032446741e-001
  7.606848776855e-001
  7.616953113673e-001
  7.626352120551e-001
  7.635052564337e-001
  7.643061313001e-001
  7.650385334768e-001
  7.657031695745e-001
  7.663007558324e-001
  7.668320180454e-001
  7.672976912813e-001
  7.676985198790e-001
  7.680352571943e-001
  7.683086653161e-001
  7.685195150951e-001
  7.686685859274e-001
  7.687566655047e-001
  7.687845496848e-001
  7.687530423788e-001
  7.686629552686e-001
  7.685151077658e-001
  7.683103267514e-001
  7.680494463624e-001
  7.677333078541e-001
  7.673627594233e-001
  7.669386564733e-001
  7.664618605856e-001
  7.659332393989e-001
  7.653536677221e-001
  7.647240258568e-001
  7.640451997859e-001
  7.633180813945e-001
  7.625435684418e-001
  7.617225638372e-001
  7.608559755883e-001
  7.599447164049e-001
  7.589897040019e-001
  7.579918611553e-001
  7.569521143626e-001
  7.558713940689e-001
  7.547506358243e-001
  7.535907788833e-001
  7.523927654599e-001
  7.511575413579e-001
  7.498860560117e-001
  7.485792622555e-001
  7.472381152483e-001
  7.458635732880e-001
  7.444565970881e-001
  7.430181493792e-001
  7.415491956253e-001
  7.400507035544e-001
  7.385236420999e-001
  7.369689814788e-001
  7.353876938483e-001
  7.337807533935e-001
  7.321491345217e-001
  7.304938118665e-001
  7.288157618222e-001
  7.271159614897e-001
  7.253953874751e-001
  7.236550166054e-001
  7.218958262061e-001
  7.201187933053e-001
  7.183248944254e-001
  7.165151043836e-001
  7.146903990992e-001
  7.128517560401e-001
  7.110001463498e-001
  7.091365363702e-001
  7.072618971993e-001
  7.053772048184e-001
  7.034834254047e-001
  7.015815200355e-001
  6.996724523118e-001
  6.977571806823e-001
  6.958366637571e-001
  6.939118598102e-001
  6.919837198994e-001
  6.900531899717e-001
  6.881212184017e-001
  6.861887509217e-001
  6.842567259222e-001
  6.823260767134e-001
  6.803977340719e-001
  6.784726261785e-001
  6.765516762780e-001
  6.746358049787e-001
  6.727259278992e-001
  6.708229531803e-001
  6.689277863341e-001
  6.670413254634e-001
  6.651644660594e-001
  6.632981034181e-001
  6.614431180570e-001
  6.596003854796e-001
  6.577707833708e-001
  6.559551795264e-001
  6.541544318238e-001
  6.523693954534e-001
  6.506009206159e-001
  6.488498499336e-001
  6.471170210223e-001
  6.454032614345e-001
  6.437093888409e-001
  6.420362206135e-001
  6.403845692422e-001
  6.387552321042e-001
  6.371490016126e-001
  6.355666651710e-001
  6.340089998882e-001
  6.324767782132e-001
  6.309707622189e-001
  6.294917066060e-001
  6.280403610114e-001
  6.266174624885e-001
  6.252237380769e-001
  6.238599098070e-001
  6.225266920868e-001
  6.212247893644e-001
  6.199548983558e-001
  6.187177061942e-001
  6.175138891867e-001
  6.163441194999e-001
  6.152090560864e-001
  6.141093455798e-001
  6.130456296121e-001
  6.120185399159e-001
  6.110286999007e-001
  6.100767269073e-001
  6.091632190859e-001
  6.082887679852e-001
  6.074539602624e-001
  6.066593667467e-001
  6.059055489236e-001
  6.051930626806e-001
  6.045224546561e-001
  6.038942554075e-001
  6.033089861715e-001
  6.027671581590e-001
  6.022692716602e-001
  6.018158209142e-001
  6.014072860844e-001
  6.010441382053e-001
  6.007268381968e-001
  6.004558316306e-001
  6.002315560446e-001
  6.000544412026e-001
  5.999249001216e-001
  5.998433436552e-001
  5.998101624060e-001
  5.998257405242e-001
  5.998904508359e-001
  6.000046527797e-001
  6.001687024431e-001
  6.003829403625e-001
  6.006476879961e-001
  6.009632635792e-001
  6.013299753955e-001
  6.017481165702e-001
  6.022179747847e-001
  6.027398192300e-001
  6.033139134855e-001
  6.039405008009e-001
  6.046198267205e-001
  6.053521196220e-001
  6.061375938109e-001
  6.069764552380e-001
  6.078688941536e-001
  6.088150944799e-001
  6.098152262466e-001
  6.108694533016e-001
  6.119779235138e-001
  6.131407747300e-001
  6.143581308077e-001
  6.156301073391e-001
  6.169568141111e-001
  6.183383366043e-001
  6.197747585631e-001
  6.212661514810e-001
  6.228125726906e-001
  6.244140758673e-001
  6.260706980564e-001
  6.277824650138e-001
  6.295493874841e-001
  6.313714753427e-001
  6.332487192121e-001
  6.351811063891e-001
  6.371686123367e-001
  6.392111893768e-001
  6.413087911077e-001
  6.434613601904e-001
  6.456688275109e-001
  6.479311121659e-001
  6.502481203145e-001
  6.526197537863e-001
  6.550458956887e-001
  6.575264307269e-001
  6.600612172250e-001
  6.626501215669e-001
  6.652929894411e-001
  6.679896532854e-001
  6.707399433241e-001
  6.735436829125e-001
  6.764006711559e-001
  6.793107066445e-001
  6.822735858874e-001
  6.852890874441e-001
  6.883569701001e-001
  6.914769987462e-001
  6.946489298889e-001
  6.978724987178e-001
  7.011474367706e-001
  7.044734756155e-001
  7.078503248669e-001
  7.112776945658e-001
  7.147552727068e-001
  7.182827488912e-001
  7.218598130057e-001
  7.254861274761e-001
  7.291613608112e-001
  7.328851619207e-001
  7.366571823891e-001
  7.404770564042e-001
  7.443444148519e-001
  7.482588891292e-001
  7.522200863998e-001
  7.562276143401e-001
  7.602810774628e-001
  7.643800625657e-001
  7.685241611428e-001
  7.727129482288e-001
  7.769459983332e-001
  7.812228734343e-001
  7.855431323653e-001
  7.899063295109e-001
  7.943120011906e-001
  7.987596902557e-001
  8.032489282838e-001
  8.077792424975e-001
  8.123501515893e-001
  8.169611670342e-001
  8.216118019839e-001
  8.263015535961e-001
  8.310299216128e-001
  8.357963971008e-001
  8.406004666183e-001
  8.454416104725e-001
  8.503193058128e-001
  8.552330230054e-001
  8.601822294046e-001
  8.651663867097e-001
  8.701849526285e-001
  8.752373799142e-001
  8.803231186111e-001
  8.854416126828e-001
  8.905923036529e-001
  8.957746292667e-001
  9.009880228019e-001
  9.062319147958e-001
  9.115057321500e-001
  9.168088985580e-001
  9.221408345440e-001
  9.275009580294e-001
  9.328886839132e-001
  9.383034244655e-001
  9.437445895078e-001
  9.492115866962e-001
  9.547038205596e-001
  9.602206953354e-001
  9.657616108580e-001
  9.713259679791e-001
  9.769131633090e-001
  9.825225940267e-001
  9.881536541368e-001
  9.938057375405e-001
  9.994782372137e-001
  1.005170544513e+000
  1.010882050356e+000
  1.016612144870e+000
  1.022360217769e+000
  1.028125657630e+000
  1.033907854219e+000
  1.039706195317e+000
  1.045520075867e+000
  1.051348872726e+000
  1.057191984596e+000
  1.063048800742e+000
  1.068918709262e+000
  1.074801104088e+000
  1.080695374438e+000
  1.086600914292e+000
  1.092517114172e+000
  1.098443376422e+000
  1.104379097542e+000
  1.110323669334e+000
  1.116276500124e+000
  1.122236984294e+000
  1.128204532729e+000
  1.134178551625e+000
  1.140158441370e+000
  1.146143614231e+000
  1.152133481566e+000
  1.158127470043e+000
  1.164124986607e+000
  1.170125459288e+000
  1.176128309338e+000
  1.182132967431e+000
  1.188138856300e+000
  1.194145415121e+000
  1.200152076530e+000
  1.206158289483e+000
  1.212163493921e+000
  1.218167135808e+000
  1.224168670654e+000
  1.230167558751e+000
  1.236163248315e+000
  1.242155219623e+000
  1.248142930759e+000
  1.254125859130e+000
  1.260103477286e+000
  1.266075276340e+000
  1.272040747573e+000
  1.277999369357e+000
  1.283950652827e+000
  1.289894093299e+000
  1.295829201956e+000
  1.301755494008e+000
  1.307672486296e+000
  1.313579704035e+000
  1.319476679587e+000
  1.325362943989e+000
  1.331238045124e+000
  1.337101525403e+000
  1.342952942708e+000
  1.348791850920e+000
  1.354617824743e+000
  1.360430429599e+000
  1.366229251479e+000
  1.372013869924e+000
  1.377783872941e+000
  1.383538866305e+000
  1.389278447091e+000
  1.395002237861e+000
  1.400709851153e+000
  1.406400911783e+000
  1.412075056767e+000
  1.417731914920e+000
  1.423371145285e+000
  1.428992394998e+000
  1.434595329393e+000
  1.440179611015e+000
  1.445744919683e+000
  1.451290939909e+000
  1.456817359493e+000
  1.462323878146e+000
  1.467810196925e+000
  1.473276035286e+000
  1.478721115972e+000
  1.484145160167e+000
  1.489547907288e+000
  1.494929103238e+000
  1.500288500747e+000
  1.505625857522e+000
  1.510940944450e+000
  1.516233537471e+000
  1.521503420828e+000
  1.526750387026e+000
  1.531974233729e+000
  1.537174771613e+000
  1.542351816536e+000
  1.547505192668e+000
  1.552634734046e+000
  1.557740282977e+000
  1.562821687026e+000
  1.567878804944e+000
  1.572911499634e+000
  1.577919652373e+000
  1.582903138041e+000
  1.587861847069e+000
  1.592795683143e+000
  1.597704556419e+000
  1.602588376403e+000
  1.607447065193e+000
  1.612280558301e+000
  1.617088801938e+000
  1.621871739370e+000
  1.626629328650e+000
  1.631361533525e+000
  1.636068325358e+000
  1.640749694240e+000
  1.645405625465e+000
  1.650036118821e+000
  1.654641183919e+000
  1.659220832228e+000
  1.663775089384e+000
  1.668303982938e+000
  1.672807550474e+000
  1.677285847302e+000
  1.681738928862e+000
  1.686166852862e+000
  1.690569692651e+000
  1.694947533339e+000
  1.699300456668e+000
  1.703628558023e+000
  1.707931946236e+000
  1.712210725460e+000
  1.716465022287e+000
  1.720694964072e+000
  1.724900680493e+000
  1.729082314315e+000
  1.733240013496e+000
  1.737373942079e+000
  1.741484260346e+000
  1.745571142913e+000
  1.749634770667e+000
  1.753675325516e+000
  1.757693004059e+000
  1.761688011399e+000
  1.765660556243e+000
  1.769610848365e+000
  1.773539110812e+000
  1.777445579759e+000
  1.781330490473e+000
  1.785194082722e+000
  1.789036610382e+000
  1.792858328691e+000
  1.796659499584e+000
  1.800440397786e+000
  1.804201294384e+000
  1.807942473162e+000
  1.811664224624e+000
  1.815366843039e+000
  1.819050632829e+000
  1.822715897502e+000
  1.826362951387e+000
  1.829992111111e+000
  1.833603702521e+000
  1.837198060472e+000
  1.840775520710e+000
  1.844336420058e+000
  1.847881107050e+000
  1.851409933670e+000
  1.854923255571e+000
  1.858421434853e+000
  1.861904844476e+000
  1.865373856999e+000
  1.868828844632e+000
  1.872270187998e+000
  1.875698273966e+000
  1.879113498110e+000
  1.882516252638e+000
  1.885906934941e+000
  1.889285952797e+000
  1.892653710849e+000
  1.896010619201e+000
  1.899357097671e+000
  1.902693566177e+000
  1.906020442177e+000
  1.909338152841e+000
  1.912647130844e+000
  1.915947805598e+000
  1.919240614844e+000
  1.922525998012e+000
  1.925804395192e+000
  1.929076250959e+000
  1.932342015172e+000
  1.935602137511e+000
  1.938857070208e+000
  1.942107268016e+000
  1.945353185591e+000
  1.948595282692e+000
  1.951834021364e+000
  1.955069863878e+000
  1.958303274791e+000
  1.961534721238e+000
  1.964764667887e+000
  1.967993584351e+000
  1.971221945040e+000
  1.974450217169e+000
  1.977678870393e+000
  1.980908384050e+000
  1.984139232661e+000
  1.987371885886e+000
  1.990606818308e+000
  1.993844495338e+000
  1.997085112024e+000
  2.000328610778e+000
