 -1.534274847235e+002
 -1.526732333312e+002
 -1.518976137196e+002
 -1.510988111113e+002
 -1.502767150253e+002
 -1.494316625570e+002
 -1.485638781996e+002
 -1.476734441187e+002
 -1.467609443172e+002
 -1.458249889446e+002
 -1.448684467987e+002
 -1.438898411577e+002
 -1.428891021064e+002
 -1.418674594663e+002
 -1.408242606480e+002
 -1.397613094599e+002
 -1.386752672411e+002
 -1.375709864777e+002
 -1.364457099538e+002
 -1.353005308647e+002
 -1.341344545588e+002
 -1.329506813325e+002
 -1.317463535974e+002
 -1.305237033573e+002
 -1.292807087710e+002
 -1.280208878319e+002
 -1.267412004070e+002
 -1.254454755221e+002
 -1.241301678284e+002
 -1.227983801306e+002
 -1.214434778741e+002
 -1.200856676212e+002
 -1.186905235951e+002
 -1.172992252459e+002
 -1.158858056636e+002
 -1.144434467099e+002
 -1.129993115122e+002
 -1.115314763495e+002
 -1.100606526790e+002
 -1.085592537986e+002
 -1.070548177348e+002
 -1.055268951999e+002
 -1.039959104113e+002
 -1.024360962462e+002
 -1.008800005076e+002
 -9.929941449671e+001
 -9.770594596654e+001
 -9.610051162926e+001
 -9.449312239048e+001
 -9.285204049322e+001
 -9.121988788472e+001
 -8.956651144839e+001
 -8.790694628536e+001
 -8.623160927111e+001
 -8.453802103642e+001
 -8.285036628301e+001
 -8.114195457491e+001
 -7.943127147250e+001
 -7.769989330660e+001
 -7.597148897437e+001
 -7.422025663570e+001
 -7.248227344004e+001
 -7.071352846606e+001
 -6.894366610626e+001
 -6.716932463916e+001
 -6.538775799411e+001
 -6.359744097271e+001
 -6.179623283607e+001
 -5.999794134900e+001
 -5.818728124575e+001
 -5.636445198141e+001
 -5.454741055407e+001
 -5.272664920120e+001
 -5.088183199382e+001
 -4.905310220179e+001
 -4.721188292125e+001
 -4.536356210967e+001
 -4.351778128077e+001
 -4.165978299652e+001
 -3.980759397490e+001
 -3.794340572968e+001
 -3.608487071170e+001
 -3.422864120719e+001
 -3.235113047259e+001
 -3.048845972251e+001
 -2.861732913633e+001
 -2.674846144965e+001
 -2.487573580233e+001
 -2.300252249171e+001
 -2.114040766056e+001
 -1.925794938599e+001
 -1.738538299795e+001
 -1.552414149801e+001
 -1.364748327117e+001
 -1.177874474901e+001
 -9.914078050251e+000
 -8.047495777192e+000
 -6.185897898853e+000
 -4.322324164328e+000
 -2.461216441513e+000
 -6.085981375849e-001
  1.239864742223e+000
  3.087733629432e+000
  4.935708111996e+000
  6.774744060823e+000
  8.614275649842e+000
  1.044087827926e+001
  1.226971413234e+001
  1.409205565614e+001
  1.590442159015e+001
  1.771444494051e+001
  1.952236390631e+001
  2.131424656213e+001
  2.310405707136e+001
  2.489161166304e+001
  2.667111443025e+001
  2.844061783877e+001
  3.019449329027e+001
  3.194988322572e+001
  3.369733430118e+001
  3.543130921148e+001
  3.716285695725e+001
  3.888454161242e+001
  4.059084239990e+001
  4.229115853085e+001
  4.399099369924e+001
  4.566590730520e+001
  4.729571259857e+001
  4.899040348983e+001
  5.069068707045e+001
  5.228476865706e+001
  5.387687532300e+001
  5.553496577429e+001
  5.712335704178e+001
  5.868974731468e+001
  6.030768564459e+001
  6.188215640346e+001
  6.339788584955e+001
  6.499039119462e+001
  6.647123887476e+001
  6.802653396463e+001
  6.952514201741e+001
  7.095923861930e+001
  7.245557104730e+001
  7.397899515990e+001
  7.535773104490e+001
  7.680210947980e+001
  7.823950913251e+001
  7.964863306576e+001
  8.098704863327e+001
  8.236277659336e+001
  8.378057872019e+001
  8.512936429174e+001
  8.636639289631e+001
  8.768293275522e+001
  8.905518310822e+001
  9.028902371480e+001
  9.152723518058e+001
  9.281984752129e+001
  9.402681556826e+001
  9.521442227736e+001
  9.640050830335e+001
  9.758097180020e+001
  9.876891065399e+001
  9.989618491457e+001
  1.010072601900e+002
  1.021090752837e+002
  1.032168971964e+002
  1.042697182188e+002
  1.052983170800e+002
  1.063514372691e+002
  1.073543725413e+002
  1.083532277504e+002
  1.093579572503e+002
  1.102790631317e+002
  1.112077955433e+002
  1.121288981774e+002
  1.130299317512e+002
  1.139258504452e+002
  1.147997423435e+002
  1.155966057852e+002
  1.163942632668e+002
  1.172395797161e+002
  1.180354666889e+002
  1.187809104999e+002
  1.195022516651e+002
  1.202210244097e+002
  1.209411365129e+002
  1.216099292819e+002
  1.222789141472e+002
  1.228978615812e+002
  1.234920878215e+002
  1.241344057047e+002
  1.247270222780e+002
  1.252705171001e+002
  1.257881533098e+002
  1.262815609220e+002
  1.267981210175e+002
  1.272903430251e+002
  1.277330068370e+002
  1.281747981820e+002
  1.285670690702e+002
  1.289350679533e+002
  1.293263258469e+002
  1.296930842639e+002
  1.300105054148e+002
  1.303026339995e+002
  1.305703482973e+002
  1.308375927923e+002
  1.311288233536e+002
  1.313465307717e+002
  1.315147344792e+002
  1.317069238594e+002
  1.318501308773e+002
  1.319925307892e+002
  1.321360242391e+002
  1.322035331260e+002
  1.322739882787e+002
  1.323650289821e+002
  1.324108449342e+002
  1.323783925754e+002
  1.323503899816e+002
  1.323422856597e+002
  1.323148218279e+002
  1.322562815496e+002
  1.321570459312e+002
  1.320216622267e+002
  1.319242704012e+002
  1.317406234081e+002
  1.315646132684e+002
  1.313885327193e+002
  1.311566560683e+002
  1.309833827882e+002
  1.307068189264e+002
  1.303757893906e+002
  1.301565139304e+002
  1.298513115148e+002
  1.294538308343e+002
  1.291012028403e+002
  1.287823051955e+002
  1.284018375222e+002
  1.279857628066e+002
  1.275069198522e+002
  1.270625989779e+002
  1.266411619248e+002
  1.261682238135e+002
  1.256496635467e+002
  1.251011708734e+002
  1.245601659045e+002
  1.240119935018e+002
  1.234710026552e+002
  1.228560158344e+002
  1.222015141995e+002
  1.216252088226e+002
  1.209481640475e+002
  1.202583945106e+002
  1.196211738073e+002
  1.189315040707e+002
  1.181878983777e+002
  1.174546873866e+002
  1.167101331359e+002
  1.159352584296e+002
  1.151250111478e+002
  1.143955011169e+002
  1.135296608168e+002
  1.126929652307e+002
  1.118383236704e+002
  1.110239140252e+002
  1.101275155385e+002
  1.092239304866e+002
  1.083198449256e+002
  1.073613561037e+002
  1.064229417262e+002
  1.055357276617e+002
  1.045420035705e+002
  1.035626906280e+002
  1.025803616779e+002
  1.014918794888e+002
  1.005474958388e+002
  9.951290408320e+001
  9.842061702254e+001
  9.740247467395e+001
  9.629109277526e+001
  9.525528770509e+001
  9.410377310211e+001
  9.297312125274e+001
  9.186088214916e+001
  9.080847559642e+001
  8.963979186466e+001
  8.839097083644e+001
  8.730195810855e+001
  8.613381526025e+001
  8.486611100079e+001
  8.372028078236e+001
  8.253441418900e+001
  8.124789207465e+001
  8.004414604451e+001
  7.884161360818e+001
  7.755450371047e+001
  7.631714802559e+001
  7.502912752761e+001
  7.377595660540e+001
  7.244473518465e+001
  7.123671006785e+001
  6.988758804642e+001
  6.857557871297e+001
  6.725330147814e+001
  6.596018920932e+001
  6.463888013062e+001
  6.332924881447e+001
  6.192827558644e+001
  6.055713474513e+001
  5.922018361571e+001
  5.793001852532e+001
  5.656094163596e+001
  5.509790850611e+001
  5.377628769798e+001
  5.242483078580e+001
  5.100998984299e+001
  4.962694435732e+001
  4.821199977014e+001
  4.683113243831e+001
  4.543263019217e+001
  4.408617520731e+001
  4.257426681571e+001
  4.122920992383e+001
  3.981619674470e+001
  3.837430936299e+001
  3.696193198152e+001
  3.562106370596e+001
  3.409379314316e+001
  3.270364188894e+001
  3.132945378616e+001
  2.985392607458e+001
  2.846589850973e+001
  2.702750663757e+001
  2.555224930976e+001
  2.421917938153e+001
  2.274484571021e+001
  2.130860419739e+001
  1.992563137582e+001
  1.845213380297e+001
  1.707135859633e+001
  1.565602459041e+001
  1.424077762111e+001
  1.280437704222e+001
  1.139830667295e+001
  9.983698947210e+000
  8.579399171449e+000
  7.178402306648e+000
  5.776744623399e+000
  4.371534824643e+000
  2.978096455827e+000
  1.585176679646e+000
  2.070103124136e-001
 -1.187435493158e+000
 -2.557244553006e+000
 -3.940756007487e+000
 -5.298153638870e+000
 -6.667743116573e+000
 -8.030898946006e+000
 -9.378213936579e+000
 -1.072340572347e+001
 -1.207220225419e+001
 -1.340630704945e+001
 -1.473000565165e+001
 -1.605042568820e+001
 -1.736561527706e+001
 -1.868637806686e+001
 -1.997515483203e+001
 -2.126625535530e+001
 -2.256555498601e+001
 -2.383397573456e+001
 -2.510683439737e+001
 -2.636723760418e+001
 -2.762310455533e+001
 -2.886857007762e+001
 -3.009906552031e+001
 -3.133079726714e+001
 -3.254756112583e+001
 -3.375398269715e+001
 -3.495698063541e+001
 -3.614838830967e+001
 -3.731884312391e+001
 -3.849526455736e+001
 -3.965199470150e+001
 -4.080298566563e+001
 -4.194343285159e+001
 -4.306640265737e+001
 -4.418008556918e+001
 -4.529393915552e+001
 -4.638086650306e+001
 -4.746672266790e+001
 -4.853738156957e+001
 -4.959644391374e+001
 -5.064504844111e+001
 -5.168313829986e+001
 -5.270839359112e+001
 -5.371245856843e+001
 -5.472019658749e+001
 -5.569625021381e+001
 -5.667717590757e+001
 -5.764167078628e+001
 -5.858267590892e+001
 -5.952249611745e+001
 -6.044002985190e+001
 -6.134595599530e+001
 -6.224721362800e+001
 -6.312974000024e+001
 -6.398990547329e+001
 -6.485363729950e+001
 -6.568566033112e+001
 -6.651882206918e+001
 -6.732032668211e+001
 -6.812540625436e+001
 -6.890939575570e+001
 -6.967925889927e+001
 -7.043141252230e+001
 -7.117064448362e+001
 -7.189358473065e+001
 -7.261055790103e+001
 -7.330751633976e+001
 -7.397649012397e+001
 -7.465445471177e+001
 -7.529992710745e+001
 -7.593576436386e+001
 -7.655526660115e+001
 -7.716301234693e+001
 -7.775643142824e+001
 -7.832083694557e+001
 -7.888370510806e+001
 -7.943035811148e+001
 -7.995825445854e+001
 -8.047173217821e+001
 -8.096202204832e+001
 -8.144498103340e+001
 -8.191175667262e+001
 -8.236419239184e+001
 -8.279348486907e+001
 -8.321400878329e+001
 -8.361279437082e+001
 -8.400281749661e+001
 -8.437111096114e+001
 -8.472926425218e+001
 -8.506152271670e+001
 -8.539322823854e+001
 -8.568818265536e+001
 -8.598386917649e+001
 -8.625941894645e+001
 -8.652043107057e+001
 -8.676139486424e+001
 -8.698105842327e+001
 -8.720234593001e+001
 -8.739165093735e+001
 -8.757170368965e+001
 -8.773840429102e+001
 -8.787730462757e+001
 -8.801220105139e+001
 -8.812732845660e+001
 -8.823167166837e+001
 -8.831081572443e+001
 -8.837857766877e+001
 -8.843212596677e+001
 -8.846852690673e+001
 -8.848914358361e+001
 -8.849405881902e+001
 -8.848416427283e+001
 -8.845843883253e+001
 -8.841689111285e+001
 -8.836053241617e+001
 -8.828850625726e+001
 -8.820102016941e+001
 -8.809788992004e+001
 -8.798026478276e+001
 -8.784784330539e+001
 -8.769913317393e+001
 -8.753709250465e+001
 -8.735926608596e+001
 -8.716632589128e+001
 -8.695922808529e+001
 -8.673655286444e+001
 -8.650037371131e+001
 -8.624957834207e+001
 -8.598386555032e+001
 -8.570402332859e+001
 -8.541035953044e+001
 -8.510166465393e+001
 -8.477949892265e+001
 -8.444430858584e+001
 -8.409411890414e+001
 -8.373004604051e+001
 -8.335347959311e+001
 -8.296236006084e+001
 -8.255832251300e+001
 -8.214113069500e+001
 -8.171054406871e+001
 -8.126699941326e+001
 -8.081056567369e+001
 -8.034126813864e+001
 -7.985936969198e+001
 -7.936487977273e+001
 -7.885800060028e+001
 -7.833875596755e+001
 -7.780743344435e+001
 -7.726406405074e+001
 -7.670872287298e+001
 -7.614171347064e+001
 -7.556313351629e+001
 -7.497299196004e+001
 -7.437146342854e+001
 -7.375891377598e+001
 -7.313516356423e+001
 -7.250057586849e+001
 -7.185528871789e+001
 -7.119932955188e+001
 -7.053299398576e+001
 -6.985630927973e+001
 -6.916951207916e+001
 -6.847268974421e+001
 -6.776607901554e+001
 -6.704983982235e+001
 -6.632404492645e+001
 -6.558897704490e+001
 -6.484463814733e+001
 -6.409128249845e+001
 -6.332919350065e+001
 -6.255834274555e+001
 -6.177894669714e+001
 -6.099125497418e+001
 -6.019539730734e+001
 -5.939148596530e+001
 -5.857980435147e+001
 -5.776039252718e+001
 -5.693351152726e+001
 -5.609937466917e+001
 -5.525811933580e+001
 -5.440992240751e+001
 -5.355451930528e+001
 -5.269293762927e+001
 -5.182529904531e+001
 -5.095049007173e+001
 -5.007018850607e+001
 -4.918420554758e+001
 -4.829232058358e+001
 -4.739456127657e+001
 -4.649165184893e+001
 -4.558364434676e+001
 -4.467093445963e+001
 -4.375321967910e+001
 -4.283044356315e+001
 -4.190394603593e+001
 -4.097350104620e+001
 -4.003795096220e+001
 -3.909869631445e+001
 -3.815648241891e+001
 -3.721067859846e+001
 -3.626124429207e+001
 -3.530840987142e+001
 -3.435325107573e+001
 -3.339495303946e+001
 -3.243423964490e+001
 -3.147150902598e+001
 -3.050604492883e+001
 -2.953831706474e+001
 -2.856938356495e+001
 -2.759916660028e+001
 -2.662700936515e+001
 -2.565282435545e+001
 -2.467841701297e+001
 -2.370378334917e+001
 -2.272738912685e+001
 -2.175028820310e+001
 -2.077368203259e+001
 -1.979685520604e+001
 -1.881952958258e+001
 -1.784250148182e+001
 -1.686597904813e+001
 -1.589116193226e+001
 -1.491524264560e+001
 -1.393777461272e+001
 -1.296663127343e+001
 -1.200028923418e+001
 -1.102919141750e+001
 -1.005320986994e+001
 -9.087032933778e+000
 -8.125955354675e+000
 -7.162354544765e+000
 -6.203905835031e+000
 -5.245295736229e+000
 -4.287021645020e+000
 -3.335963906738e+000
 -2.390016869468e+000
 -1.441642363404e+000
 -4.959099148070e-001
  4.424803788069e-001
  1.375790837174e+000
  2.306567219889e+000
  3.234748082686e+000
  4.157992923466e+000
  5.078601238910e+000
  5.994219786835e+000
  6.902360527475e+000
  7.807872792599e+000
  8.705975430340e+000
  9.601466723572e+000
  1.049676275076e+001
  1.137728009018e+001
  1.225278383280e+001
  1.313046853542e+001
  1.399826436010e+001
  1.485614183130e+001
  1.571133222463e+001
  1.656153284522e+001
  1.740415523046e+001
  1.824177099185e+001
  1.906932356582e+001
  1.988699416298e+001
  2.070436613087e+001
  2.151685622997e+001
  2.231423321054e+001
  2.310664640139e+001
  2.389404997268e+001
  2.467115889419e+001
  2.544360771760e+001
  2.620568071615e+001
  2.696038144584e+001
  2.771001823423e+001
  2.844707176745e+001
  2.917411120036e+001
  2.989614183108e+001
  3.061054960307e+001
  3.131499783276e+001
  3.201171380026e+001
  3.269884700766e+001
  3.337515403508e+001
  3.404732078570e+001
  3.470627325273e+001
  3.535290688440e+001
  3.599453901384e+001
  3.662627142074e+001
  3.724968095649e+001
  3.786702187630e+001
  3.846517192956e+001
  3.905672073318e+001
  3.964337787604e+001
  4.021420717333e+001
  4.077569256417e+001
  4.133158007969e+001
  4.187821846564e+001
  4.240877592091e+001
  4.293001263441e+001
  4.344122345067e+001
  4.394151375682e+001
  4.443575275387e+001
  4.491591624023e+001
  4.538695074728e+001
  4.584787052984e+001
  4.629344230324e+001
  4.673098022894e+001
  4.716074392241e+001
  4.757376108433e+001
  4.798461458483e+001
  4.837521719692e+001
  4.875936732443e+001
  4.913219356944e+001
  4.949163209149e+001
  4.984771956716e+001
  5.018825606878e+001
  5.050971416387e+001
  5.082794952813e+001
  5.113623311895e+001
  5.142935846990e+001
  5.171703985705e+001
  5.198623071544e+001
  5.224981016532e+001
  5.249305991424e+001
  5.273860424970e+001
  5.296698193206e+001
  5.318128736064e+001
  5.338723813186e+001
  5.357748861286e+001
  5.376141065577e+001
  5.393144035225e+001
  5.409528833478e+001
  5.424315721013e+001
  5.438100398980e+001
  5.450486153229e+001
  5.462045368803e+001
  5.473024054327e+001
  5.481572122921e+001
  5.489946563340e+001
  5.497095910315e+001
  5.502829167310e+001
  5.508196707235e+001
  5.511901238295e+001
  5.514476835664e+001
  5.515551290639e+001
  5.516538832552e+001
  5.515601075478e+001
  5.514330752832e+001
  5.511877066994e+001
  5.507109250985e+001
  5.502469084996e+001
  5.496735175520e+001
  5.489823776161e+001
  5.481733450175e+001
  5.472349361270e+001
  5.462532322588e+001
  5.450843058118e+001
  5.439313578668e+001
  5.425145996818e+001
  5.411784376264e+001
  5.396353224063e+001
  5.379597013796e+001
  5.362619442538e+001
  5.344954970798e+001
  5.324865502062e+001
  5.304724515186e+001
  5.284375423495e+001
  5.262231387111e+001
  5.238109932857e+001
  5.214599009629e+001
  5.190249654938e+001
  5.163768625123e+001
  5.136922383624e+001
  5.110079214388e+001
  5.081040651341e+001
  5.052044741964e+001
  5.020844217247e+001
  4.989804338665e+001
  4.958793007842e+001
  4.925035595205e+001
  4.891886466030e+001
  4.856777440613e+001
  4.821935892923e+001
  4.785354671024e+001
  4.748443250316e+001
  4.711582968955e+001
  4.672299326326e+001
  4.633066970420e+001
  4.593518239086e+001
  4.552198026938e+001
  4.511347414432e+001
  4.468850880342e+001
  4.426301853375e+001
  4.382499670072e+001
  4.338382985136e+001
  4.293821463814e+001
  4.247453398299e+001
  4.201738557380e+001
  4.154896290667e+001
  4.107618554734e+001
  4.059487813510e+001
  4.010635318543e+001
  3.961950472568e+001
  3.911666247684e+001
  3.861640456408e+001
  3.810747129414e+001
  3.759402949111e+001
  3.707433667106e+001
  3.655148612369e+001
  3.602185228348e+001
  3.548920665358e+001
  3.495090586465e+001
  3.440861366837e+001
  3.386136689060e+001
  3.331141120896e+001
  3.275537486625e+001
  3.219689835567e+001
  3.163464364195e+001
  3.106792151462e+001
  3.049845868869e+001
  2.992536017278e+001
  2.934905390251e+001
  2.876957802740e+001
  2.818749931519e+001
  2.760239846577e+001
  2.701466842787e+001
  2.642449008592e+001
  2.583214601740e+001
  2.523667509208e+001
  2.464091232647e+001
  2.404074682737e+001
  2.344159852266e+001
  2.283820873055e+001
  2.223538781167e+001
  2.162939250883e+001
  2.102329344418e+001
  2.041626961207e+001
  1.980762643581e+001
  1.919854271369e+001
  1.858867148797e+001
  1.797838506478e+001
  1.736696254843e+001
  1.675672792859e+001
  1.614450831631e+001
  1.553945227255e+001
  1.491630873568e+001
  1.431501148156e+001
  1.370427613195e+001
  1.309237273909e+001
  1.248630740526e+001
  1.187552357309e+001
  1.126950359071e+001
  1.066002621374e+001
  1.006237054513e+001
  9.458869188387e+000
  8.850672830274e+000
  8.258997423766e+000
  7.653380146432e+000
  7.064264898763e+000
  6.470461092502e+000
  5.870849267906e+000
  5.283115704636e+000
  4.694474208156e+000
  4.121141806468e+000
  3.528086492047e+000
  2.956117257173e+000
  2.377370212792e+000
  1.808041539544e+000
  1.230776897543e+000
  6.699516626001e-001
  1.025879670176e-001
 -4.484559457683e-001
 -1.008515524214e+000
 -1.562551049136e+000
 -2.107040394797e+000
 -2.646748369200e+000
 -3.198533982791e+000
 -3.718255941942e+000
 -4.260171625667e+000
 -4.782765279946e+000
 -5.310214870919e+000
 -5.819102019246e+000
 -6.327821493779e+000
 -6.849447641545e+000
 -7.338315328639e+000
 -7.842997884781e+000
 -8.331813816381e+000
 -8.816606735553e+000
 -9.299763108831e+000
 -9.774548227352e+000
 -1.024218816248e+001
 -1.071114914538e+001
 -1.116326771873e+001
 -1.162085557262e+001
 -1.206297404795e+001
 -1.250909324521e+001
 -1.293438941219e+001
 -1.336896623780e+001
 -1.378297615650e+001
 -1.420343553158e+001
 -1.461542752573e+001
 -1.500965242688e+001
 -1.541257881758e+001
 -1.579001576530e+001
 -1.617747835569e+001
 -1.655266173401e+001
 -1.691564530765e+001
 -1.728683204496e+001
 -1.762778764221e+001
 -1.798065124983e+001
 -1.831531912128e+001
 -1.865277287141e+001
 -1.897295288720e+001
 -1.928844312378e+001
 -1.960064216489e+001
 -1.990092985028e+001
 -2.019987528432e+001
 -2.048041707737e+001
 -2.075767477949e+001
 -2.103649230901e+001
 -2.129707248551e+001
 -2.155117242271e+001
 -2.179844034691e+001
 -2.204073337266e+001
 -2.226984787642e+001
 -2.249390611200e+001
 -2.270966509775e+001
 -2.291715862207e+001
 -2.311949444065e+001
 -2.330881989523e+001
 -2.349296079981e+001
 -2.366879058533e+001
 -2.383475339280e+001
 -2.399244849011e+001
 -2.414488112449e+001
 -2.428613130274e+001
 -2.442322779425e+001
 -2.454195043193e+001
 -2.466707183965e+001
 -2.477664001991e+001
 -2.487295324414e+001
 -2.496279889192e+001
 -2.505329199393e+001
 -2.513119307585e+001
 -2.519568239824e+001
 -2.524947154082e+001
 -2.530620446432e+001
 -2.534815247814e+001
 -2.538440391547e+001
 -2.541304298077e+001
 -2.542295117445e+001
 -2.543765672728e+001
 -2.543786811886e+001
 -2.542825876312e+001
 -2.541678923022e+001
 -2.539115334487e+001
 -2.536360143424e+001
 -2.532601728713e+001
 -2.527070881230e+001
 -2.521526789023e+001
 -2.515756026608e+001
 -2.508421074712e+001
 -2.499910034434e+001
 -2.491736003756e+001
 -2.482197409800e+001
 -2.471314093586e+001
 -2.460898991703e+001
 -2.448239673483e+001
 -2.435504161936e+001
 -2.422536449259e+001
 -2.408259830242e+001
 -2.393464159816e+001
 -2.377059758605e+001
 -2.361031638349e+001
 -2.343570015082e+001
 -2.325481251545e+001
 -2.307290551058e+001
 -2.287630573811e+001
 -2.267120297157e+001
 -2.246249633697e+001
 -2.225272132816e+001
 -2.202967525856e+001
 -2.179350086639e+001
 -2.155823181023e+001
 -2.131846568711e+001
 -2.106458822499e+001
 -2.080935176441e+001
 -2.054741547975e+001
 -2.027269170777e+001
 -2.000160295175e+001
 -1.971782154355e+001
 -1.942731505533e+001
 -1.913304655115e+001
 -1.882862519520e+001
 -1.852511735501e+001
 -1.821078863472e+001
 -1.789416007965e+001
 -1.756831431949e+001
 -1.723345819221e+001
 -1.689771427503e+001
 -1.656088887176e+001
 -1.621235668701e+001
 -1.586037211950e+001
 -1.550471880231e+001
 -1.514261839372e+001
 -1.476965963548e+001
 -1.439709992785e+001
 -1.402489030216e+001
 -1.364426654907e+001
 -1.325739776571e+001
 -1.286182513693e+001
 -1.246961515999e+001
 -1.207222526897e+001
 -1.166444675372e+001
 -1.125980379063e+001
 -1.084969997345e+001
 -1.042988221782e+001
 -1.000996442679e+001
 -9.592505842442e+000
 -9.165335675636e+000
 -8.732661011726e+000
 -8.303248795817e+000
 -7.865508432578e+000
 -7.426077594221e+000
 -6.985988667808e+000
 -6.541412472390e+000
 -6.091554254672e+000
 -5.641874101422e+000
 -5.189641573615e+000
 -4.734889288092e+000
 -4.280232838214e+000
 -3.820473569933e+000
 -3.358429656022e+000
 -2.896158165707e+000
 -2.431600665618e+000
 -1.964465750912e+000
 -1.499798635424e+000
 -1.030184598082e+000
 -5.557750523692e-001
 -8.856044547645e-002
  3.810958368908e-001
  8.604331372776e-001
  1.334953494258e+000
  1.804613806822e+000
  2.279197258611e+000
  2.744607265528e+000
  2.939657375056e+000
  2.882067047462e+000
  2.820916859471e+000
