 -1.076876800000e+000
 -1.230304284724e+000
 -1.382977518055e+000
 -1.534875131774e+000
 -1.685973942886e+000
 -1.836250657911e+000
 -1.985682320468e+000
 -2.134246198667e+000
 -2.281919642786e+000
 -2.428680587103e+000
 -2.574505576048e+000
 -2.719374022847e+000
 -2.863263864004e+000
 -3.006152966111e+000
 -3.148020425577e+000
 -3.288844686225e+000
 -3.428605995685e+000
 -3.567281262926e+000
 -3.704852249404e+000
 -3.841297959357e+000
 -3.976598490222e+000
 -4.110732944781e+000
 -4.243683626114e+000
 -4.375429979711e+000
 -4.505953683068e+000
 -4.635234391839e+000
 -4.763255279671e+000
 -4.889996480078e+000
 -5.015441955600e+000
 -5.139572123429e+000
 -5.262370503559e+000
 -5.383813981433e+000
 -5.503899649054e+000
 -5.622590172650e+000
 -5.739889397895e+000
 -5.855775203559e+000
 -5.970218650269e+000
 -6.083217961781e+000
 -6.194749438131e+000
 -6.304810090810e+000
 -6.413369344608e+000
 -6.520424162343e+000
 -6.625951057543e+000
 -6.729946967954e+000
 -6.832383064200e+000
 -6.933263064708e+000
 -7.032562479205e+000
 -7.130268425171e+000
 -7.226368936800e+000
 -7.320862059191e+000
 -7.413714099684e+000
 -7.504933987569e+000
 -7.594500499017e+000
 -7.682407445303e+000
 -7.768639054574e+000
 -7.853177075610e+000
 -7.936027441893e+000
 -8.017169396468e+000
 -8.096600667941e+000
 -8.174300561247e+000
 -8.250272050222e+000
 -8.324492306857e+000
 -8.396974580297e+000
 -8.467688108763e+000
 -8.536631774870e+000
 -8.603801099509e+000
 -8.669188857503e+000
 -8.732786298476e+000
 -8.794582531312e+000
 -8.854580472661e+000
 -8.912767753906e+000
 -8.969132205888e+000
 -9.023679616442e+000
 -9.076406265643e+000
 -9.127288097637e+000
 -9.176341199839e+000
 -9.223553082760e+000
 -9.268916644870e+000
 -9.312434426150e+000
 -9.354094209147e+000
 -9.393901803122e+000
 -9.431845208852e+000
 -9.467930079563e+000
 -9.502158720770e+000
 -9.534509851243e+000
 -9.564998310966e+000
 -9.593615640102e+000
 -9.620364101551e+000
 -9.645239837354e+000
 -9.668242359846e+000
 -9.689382767506e+000
 -9.708640716892e+000
 -9.726026099890e+000
 -9.741550241388e+000
 -9.755197724659e+000
 -9.766976469408e+000
 -9.776890547458e+000
 -9.784938043236e+000
 -9.791123941135e+000
 -9.795446265299e+000
 -9.797907481740e+000
 -9.798516079878e+000
 -9.797276215136e+000
 -9.794188481506e+000
 -9.789252773394e+000
 -9.782478029333e+000
 -9.773863753684e+000
 -9.763422875404e+000
 -9.751153161272e+000
 -9.737061105616e+000
 -9.721156684026e+000
 -9.703442239085e+000
 -9.683919875179e+000
 -9.662605628617e+000
 -9.639501571545e+000
 -9.614609959882e+000
 -9.587938845452e+000
 -9.559498227613e+000
 -9.529303734323e+000
 -9.497353851097e+000
 -9.463656516796e+000
 -9.428225207585e+000
 -9.391062350627e+000
 -9.352177809015e+000
 -9.311586966615e+000
 -9.269295808084e+000
 -9.225304814385e+000
 -9.179638907080e+000
 -9.132343194481e+000
 -9.083352790991e+000
 -9.032662103921e+000
 -8.980377335264e+000
 -8.926500459941e+000
 -8.870965494167e+000
 -8.813842137125e+000
 -8.755152389810e+000
 -8.694844704166e+000
 -8.632962547762e+000
 -8.569564661913e+000
 -8.504574270718e+000
 -8.438103031843e+000
 -8.370076497879e+000
 -8.300551355861e+000
 -8.229592117242e+000
 -8.157136546195e+000
 -8.083157551035e+000
 -8.007799819990e+000
 -7.930997710510e+000
 -7.852758201377e+000
 -7.773109568312e+000
 -7.692122519678e+000
 -7.609759743085e+000
 -7.525979164365e+000
 -7.440849800073e+000
 -7.354483407177e+000
 -7.266800474422e+000
 -7.177745291313e+000
 -7.087456267599e+000
 -6.995929032418e+000
 -6.903109184897e+000
 -6.809082369328e+000
 -6.713867947051e+000
 -6.617467438748e+000
 -6.519886466948e+000
 -6.421117556294e+000
 -6.321221371379e+000
 -6.220214111189e+000
 -6.118105035905e+000
 -6.014888138709e+000
 -5.910618420490e+000
 -5.805320103410e+000
 -5.698968666141e+000
 -5.591614293600e+000
 -5.483261065849e+000
 -5.373903108599e+000
 -5.263624045467e+000
 -5.152416249924e+000
 -5.040287351747e+000
 -4.927257419996e+000
 -4.813331569550e+000
 -4.698531827207e+000
 -4.582935221422e+000
 -4.466540958155e+000
 -4.349301378439e+000
 -4.231265911750e+000
 -4.112485001250e+000
 -3.992982749585e+000
 -3.872761725175e+000
 -3.751820588662e+000
 -3.630210659380e+000
 -3.507931745233e+000
 -3.385033883652e+000
 -3.261541795830e+000
 -3.137407390126e+000
 -3.012680367848e+000
 -2.887409850748e+000
 -2.761621697438e+000
 -2.635340136516e+000
 -2.508542015498e+000
 -2.381251672473e+000
 -2.253518665636e+000
 -2.125343867454e+000
 -1.996776798384e+000
 -1.867841730431e+000
 -1.738515404584e+000
 -1.608822320320e+000
 -1.478811814905e+000
 -1.348509180906e+000
 -1.217938832609e+000
 -1.087101239816e+000
 -9.559724164627e-001
 -8.246258856909e-001
 -6.931111512118e-001
 -5.614042273524e-001
 -4.295540964751e-001
 -2.975615656858e-001
 -1.654255414467e-001
 -3.322200832068e-002
  9.905197995798e-002
  2.314170089401e-001
  3.638278538743e-001
  4.962062464497e-001
  6.285566364313e-001
  7.608989220910e-001
  8.932137439189e-001
  1.025470025468e+000
  1.157627071400e+000
  1.289648733626e+000
  1.421573004027e+000
  1.553313627436e+000
  1.684878240704e+000
  1.816266773423e+000
  1.947423429492e+000
  2.078406812280e+000
  2.209113631206e+000
  2.339489420597e+000
  2.469645934527e+000
  2.599497246042e+000
  2.728951076876e+000
  2.858052279716e+000
  2.986834584912e+000
  3.115236422434e+000
  3.243222185241e+000
  3.370729105093e+000
  3.497791704071e+000
  3.624432865996e+000
  3.750601089809e+000
  3.876250753356e+000
  4.001351924229e+000
  4.125912090134e+000
  4.249924083636e+000
  4.373395086291e+000
  4.496251102125e+000
  4.618452616325e+000
  4.740077825147e+000
  4.861025989195e+000
  4.981284383705e+000
  5.100905557513e+000
  5.219837061583e+000
  5.338024959961e+000
  5.455479647348e+000
  5.572189780484e+000
  5.688125038913e+000
  5.803250050061e+000
  5.917645551178e+000
  6.031175211995e+000
  6.143868177226e+000
  6.255706500896e+000
  6.366730414921e+000
  6.476857930460e+000
  6.586081860946e+000
  6.694401705872e+000
  6.801763061975e+000
  6.908186003702e+000
  7.013721731363e+000
  7.118263734934e+000
  7.221826425562e+000
  7.324406787240e+000
  7.425898666729e+000
  7.526446162567e+000
  7.625959066651e+000
  7.724379683673e+000
  7.821782158347e+000
  7.918073251122e+000
  8.013328538827e+000
  8.107432311930e+000
  8.200405433182e+000
  8.292266315331e+000
  8.383074790928e+000
  8.472714582793e+000
  8.561105553629e+000
  8.648407511737e+000
  8.734541326998e+000
  8.819407437999e+000
  8.903127718781e+000
  8.985662132970e+000
  9.066910025045e+000
  9.146954171089e+000
  9.225795784697e+000
  9.303350288408e+000
  9.379667436433e+000
  9.454696563961e+000
  9.528472520566e+000
  9.600917255751e+000
  9.672153965819e+000
  9.742041553865e+000
  9.810617132578e+000
  9.877870434056e+000
  9.943830623266e+000
  1.000846950340e+001
  1.007179875221e+001
  1.013372702780e+001
  1.019428416254e+001
  1.025350434616e+001
  1.031143436468e+001
  1.036799530632e+001
  1.042309321483e+001
  1.047686950252e+001
  1.052929433331e+001
  1.058030432315e+001
  1.062993126751e+001
  1.067814326728e+001
  1.072497439972e+001
  1.077040702991e+001
  1.081449320512e+001
  1.085706747193e+001
  1.089829668186e+001
  1.093811287860e+001
  1.097648718796e+001
  1.101344911995e+001
  1.104907018365e+001
  1.108316397680e+001
  1.111586761868e+001
  1.114719707247e+001
  1.117705099854e+001
  1.120551689705e+001
  1.123254440369e+001
  1.125809665300e+001
  1.128231583238e+001
  1.130506067809e+001
  1.132636928229e+001
  1.134629491367e+001
  1.136474704747e+001
  1.138181840607e+001
  1.139747443066e+001
  1.141171520828e+001
  1.142451958532e+001
  1.143591789199e+001
  1.144590159094e+001
  1.145448099011e+001
  1.146165939242e+001
  1.146743613704e+001
  1.147180767187e+001
  1.147478576832e+001
  1.147637094500e+001
  1.147657795531e+001
  1.147539051982e+001
  1.147283327527e+001
  1.146889251926e+001
  1.146359436562e+001
  1.145692662251e+001
  1.144889572356e+001
  1.143951750962e+001
  1.142879410390e+001
  1.141672190164e+001
  1.140331559460e+001
  1.138858558894e+001
  1.137253516326e+001
  1.135516954798e+001
  1.133648316991e+001
  1.131650801508e+001
  1.129524175972e+001
  1.127267620474e+001
  1.124884222900e+001
  1.122373539461e+001
  1.119736815700e+001
  1.116974505245e+001
  1.114087648237e+001
  1.111077741685e+001
  1.107944661958e+001
  1.104689905846e+001
  1.101314507576e+001
  1.097818809512e+001
  1.094203970681e+001
  1.090472086369e+001
  1.086622559913e+001
  1.082657360443e+001
  1.078577061877e+001
  1.074382718591e+001
  1.070076078326e+001
  1.065658069769e+001
  1.061128675853e+001
  1.056490589203e+001
  1.051743916936e+001
  1.046890178779e+001
  1.041930534388e+001
  1.036866029544e+001
  1.031697715714e+001
  1.026426876355e+001
  1.021055630498e+001
  1.015583610839e+001
  1.010013985818e+001
  1.004346268227e+001
  9.985821011482e+000
  9.927238335573e+000
  9.867715839455e+000
  9.807275809603e+000
  9.745929853608e+000
  9.683682639980e+000
  9.620552899980e+000
  9.556562994507e+000
  9.491709357207e+000
  9.426023696876e+000
  9.359504874807e+000
  9.292184548125e+000
  9.224059141870e+000
  9.155149746115e+000
  9.085470487215e+000
  9.015039074693e+000
  8.943868430209e+000
  8.871974845479e+000
  8.799364287578e+000
  8.726056771238e+000
  8.652080281114e+000
  8.577425826402e+000
  8.502125899295e+000
  8.426190134931e+000
  8.349634868330e+000
  8.272471855983e+000
  8.194715424555e+000
  8.116394587609e+000
  8.037510882501e+000
  7.958080524390e+000
  7.878122269931e+000
  7.797650537753e+000
  7.716688515704e+000
  7.635243534671e+000
  7.553331777998e+000
  7.470967585607e+000
  7.388174100737e+000
  7.304960091954e+000
  7.221347297583e+000
  7.137344480087e+000
  7.052973369126e+000
  6.968244104873e+000
  6.883182582157e+000
  6.797789353918e+000
  6.712101171263e+000
  6.626117302086e+000
  6.539857883140e+000
  6.453337452069e+000
  6.366576057205e+000
  6.279594998782e+000
  6.192392652852e+000
  6.105001001914e+000
  6.017429298225e+000
  5.929690893934e+000
  5.841813589306e+000
  5.753801388255e+000
  5.665674059798e+000
  5.577442388130e+000
  5.489131572405e+000
  5.400752994737e+000
  5.312320868770e+000
  5.223852341863e+000
  5.135363198280e+000
  5.046869139461e+000
  4.958384975188e+000
  4.869926536355e+000
  4.781509645242e+000
  4.693149112826e+000
  4.604860606569e+000
  4.516659586400e+000
  4.428561696479e+000
  4.340581431697e+000
  4.252733588391e+000
  4.165034455217e+000
  4.077497362713e+000
  3.990138096627e+000
  3.902971770736e+000
  3.816012542650e+000
  3.729275989786e+000
  3.642775616074e+000
  3.556526037732e+000
  3.470542172182e+000
  3.384838148853e+000
  3.299427789323e+000
  3.214326124669e+000
  3.129546625746e+000
  3.045102317161e+000
  2.961008198256e+000
  2.877278152216e+000
  2.793924672623e+000
  2.710962312562e+000
  2.628403990049e+000
  2.546262859354e+000
  2.464552315285e+000
  2.383285315872e+000
  2.302474750198e+000
  2.222133482060e+000
  2.142274112368e+000
  2.062909232595e+000
  1.984051231995e+000
  1.905712476027e+000
  1.827905042583e+000
  1.750640978532e+000
  1.673932255659e+000
  1.597790542188e+000
  1.522227408672e+000
  1.447254416712e+000
  1.372882953284e+000
  1.299124039508e+000
  1.225988875943e+000
  1.153488300075e+000
  1.081633011357e+000
  1.010433681805e+000
  9.399006878194e-001
  8.700443785396e-001
  8.008748664605e-001
  7.324021767163e-001
  6.646360977007e-001
  5.975862578784e-001
  5.312622129519e-001
  4.656732359070e-001
  4.008285977597e-001
  3.367373152613e-001
  2.734081217606e-001
  2.108497790151e-001
  1.490708323179e-001
  8.807957734375e-002
  2.788418003641e-002
 -3.150730592890e-002
 -9.008711028037e-002
 -1.478475028076e-001
 -2.047810143348e-001
 -2.608803890040e-001
 -3.161385083398e-001
 -3.705484307473e-001
 -4.241029500526e-001
 -4.767958876818e-001
 -5.286211867272e-001
 -5.795716767989e-001
 -6.296418653050e-001
 -6.788260708525e-001
 -7.271183914361e-001
 -7.745129527127e-001
 -8.210046045616e-001
 -8.665882489084e-001
 -9.112591833680e-001
 -9.550124030471e-001
 -9.978428466103e-001
 -1.039746792646e+000
 -1.080720293692e+000
 -1.120758244655e+000
 -1.159856940969e+000
 -1.198013423388e+000
 -1.235224101986e+000
 -1.271485346278e+000
 -1.306793756150e+000
 -1.341147007226e+000
 -1.374541960265e+000
 -1.406976199910e+000
 -1.438447708936e+000
 -1.468953753865e+000
 -1.498492070930e+000
 -1.527061454494e+000
 -1.554660621095e+000
 -1.581287630460e+000
 -1.606940454815e+000
 -1.631618871828e+000
 -1.655322655177e+000
 -1.678050044304e+000
 -1.699800332507e+000
 -1.720574014540e+000
 -1.740370869746e+000
 -1.759190399329e+000
 -1.777032900810e+000
 -1.793898879859e+000
 -1.809790041791e+000
 -1.824705284436e+000
 -1.838643059049e+000
 -1.851609690323e+000
 -1.863609979557e+000
 -1.874639170974e+000
 -1.884692380844e+000
 -1.893779413778e+000
 -1.901905369133e+000
 -1.909067723677e+000
 -1.915271629512e+000
 -1.920516925249e+000
 -1.924803946894e+000
 -1.928139910800e+000
 -1.930529927670e+000
 -1.931971570033e+000
 -1.932467479948e+000
 -1.932024999569e+000
 -1.930649208732e+000
 -1.928342641512e+000
 -1.925107893430e+000
 -1.920949900506e+000
 -1.915871299267e+000
 -1.909877079480e+000
 -1.902974718953e+000
 -1.895166846160e+000
 -1.886460870730e+000
 -1.876859404006e+000
 -1.866362641256e+000
 -1.854985361165e+000
 -1.842732577333e+000
 -1.829602108797e+000
 -1.815603844437e+000
 -1.800747702606e+000
 -1.785036370381e+000
 -1.768474837536e+000
 -1.751070682305e+000
 -1.732828911314e+000
 -1.713759587748e+000
 -1.693872593585e+000
 -1.673168227454e+000
 -1.651651371224e+000
 -1.629337138013e+000
 -1.606230491612e+000
 -1.582336441639e+000
 -1.557665282745e+000
 -1.532221675028e+000
 -1.506015994311e+000
 -1.479055612866e+000
 -1.451345594631e+000
 -1.422898522864e+000
 -1.393724411664e+000
 -1.363828269833e+000
 -1.333217720229e+000
 -1.301902722397e+000
 -1.269891008596e+000
 -1.237192161589e+000
 -1.203817007554e+000
 -1.169769686768e+000
 -1.135063413515e+000
 -1.099710506631e+000
 -1.063715967617e+000
 -1.027089696196e+000
 -9.898400152398e-001
 -9.519729933635e-001
 -9.135078214339e-001
 -8.744511007007e-001
 -8.348077228247e-001
 -7.945935156514e-001
 -7.538178230872e-001
 -7.124862430075e-001
 -6.706080245419e-001
 -6.281992486210e-001
 -5.852692359865e-001
 -5.418280125359e-001
 -4.978864987791e-001
 -4.534507460252e-001
 -4.085348297850e-001
 -3.631478790377e-001
 -3.173000085078e-001
 -2.710065662046e-001
 -2.242755859757e-001
 -1.771148420533e-001
 -1.295410809689e-001
 -8.155646638409e-002
 -3.318124918717e-002
  1.557811813726e-002
  6.471031170670e-002
  1.142019437982e-001
  1.640496633654e-001
  2.142379194341e-001
  2.647476335980e-001
  3.155755831261e-001
  3.667118162451e-001
  4.181411747150e-001
  4.698582145720e-001
  5.218444452875e-001
  5.740942554528e-001
  6.265873153670e-001
  6.793259196167e-001
  7.322929015488e-001
  7.854741889094e-001
  8.388614270413e-001
  8.924389156541e-001
  9.462003263099e-001
  1.000131766662e+000
  1.054227054997e+000
  1.108470212207e+000
  1.162851216197e+000
  1.217356077729e+000
  1.271976531417e+000
  1.326706771960e+000
  1.381522493190e+000
  1.436421958823e+000
  1.491392917926e+000
  1.546421209599e+000
  1.601503176672e+000
  1.656622189055e+000
  1.711766957411e+000
  1.766922470318e+000
  1.822087858643e+000
  1.877243869398e+000
  1.932387176926e+000
  1.987505947596e+000
  2.042577040106e+000
  2.097601730956e+000
  2.152569082711e+000
  2.207467320473e+000
  2.262284654975e+000
  2.317008148587e+000
  2.371633471813e+000
  2.426141902394e+000
  2.480535038181e+000
  2.534786498149e+000
  2.588904341912e+000
  2.642867874152e+000
  2.696663844290e+000
  2.750290038716e+000
  2.803739588424e+000
  2.856988243444e+000
  2.910035488596e+000
  2.962879242831e+000
  3.015501556702e+000
  3.067882656031e+000
  3.120028646127e+000
  3.171931142677e+000
  3.223568828928e+000
  3.274938052764e+000
  3.326038844908e+000
  3.376849251421e+000
  3.427369698841e+000
  3.477578141013e+000
  3.527476184400e+000
  3.577064114479e+000
  3.626314470431e+000
  3.675233335091e+000
  3.723801109497e+000
  3.772020468426e+000
  3.819874015136e+000
  3.867358447640e+000
  3.914474277329e+000
  3.961197270592e+000
  4.007527940297e+000
  4.053463122688e+000
  4.098985102957e+000
  4.144098577101e+000
  4.188787085905e+000
  4.233050104438e+000
  4.276875101139e+000
  4.320258930990e+000
  4.363197145629e+000
  4.405671679612e+000
  4.447689065185e+000
  4.489238028092e+000
  4.530314213639e+000
  4.570909091775e+000
  4.611015444960e+000
  4.650634949686e+000
  4.689751612162e+000
  4.728368016727e+000
  4.766475488021e+000
  4.804069517512e+000
  4.841143854183e+000
  4.877695340307e+000
  4.913717192590e+000
  4.949206399244e+000
  4.984157305108e+000
  5.018565918777e+000
  5.052427285667e+000
  5.085738696876e+000
  5.118494071742e+000
  5.150690970098e+000
  5.182325613740e+000
  5.213393535255e+000
  5.243891993943e+000
  5.273817354116e+000
  5.303166408019e+000
  5.331935986046e+000
  5.360123485361e+000
  5.387725883827e+000
  5.414740552255e+000
  5.441165042341e+000
  5.466997188358e+000
  5.492233863450e+000
  5.516874775777e+000
  5.540915522604e+000
  5.564357121127e+000
  5.587195329857e+000
  5.609430717669e+000
  5.631060110178e+000
  5.652083403622e+000
  5.672499673234e+000
  5.692307299670e+000
  5.711505842384e+000
  5.730094513872e+000
  5.748072898936e+000
  5.765439861485e+000
  5.782196589413e+000
  5.798341097730e+000
  5.813880550002e+000
  5.828796858738e+000
  5.843111870219e+000
  5.856816146351e+000
  5.869908519090e+000
  5.882394826496e+000
  5.894270350069e+000
  5.905539853660e+000
  5.916199879873e+000
  5.926262250418e+000
  5.935721119607e+000
  5.944571792437e+000
  5.952830789861e+000
  5.960484170007e+000
  5.967548434906e+000
  5.974018895999e+000
  5.979889745266e+000
  5.985172860971e+000
  5.989867335179e+000
  5.993988476986e+000
  5.997516563478e+000
  6.000472680735e+000
  6.002850050948e+000
  6.004658092487e+000
  6.005888869385e+000
  6.006558821047e+000
  6.006661409014e+000
  6.006212953069e+000
  6.005204437544e+000
  6.003641886495e+000
  6.001534846101e+000
  5.998888097731e+000
  5.995689563749e+000
  5.991971307807e+000
  5.987711136181e+000
  5.982928370901e+000
  5.977618156030e+000
  5.971799054011e+000
  5.965471232517e+000
  5.958621784875e+000
  5.951283469547e+000
  5.943440471662e+000
  5.935108657846e+000
  5.926292051110e+000
  5.916992288001e+000
  5.907217739774e+000
  5.896975551611e+000
  5.886264402466e+000
  5.875101134747e+000
  5.863480279175e+000
  5.851417305127e+000
  5.838908211882e+000
  5.825973822469e+000
  5.812604856232e+000
  5.798821880075e+000
  5.784618444544e+000
  5.770003017018e+000
  5.754993364591e+000
  5.739580785773e+000
  5.723790770008e+000
  5.707613291652e+000
  5.691060629918e+000
  5.674144984611e+000
  5.656858152566e+000
  5.639230364924e+000
  5.621249713674e+000
  5.602934394552e+000
  5.584281621681e+000
  5.565308668794e+000
  5.546020225670e+000
  5.526419583505e+000
  5.506518653655e+000
  5.486318778371e+000
  5.465838361293e+000
  5.445080686514e+000
  5.424044194205e+000
  5.402747121719e+000
  5.381195949296e+000
  5.359397508950e+000
  5.337356775577e+000
  5.315086927700e+000
  5.292593021588e+000
  5.269883356491e+000
  5.246966197869e+000
  5.223846703428e+000
  5.200537883533e+000
  5.177044922733e+000
  5.153376132148e+000
  5.129541378755e+000
  5.105548930265e+000
  5.081404049140e+000
  5.057117917837e+000
  5.032694690043e+000
  5.008152739611e+000
  4.983485667772e+000
  4.958709027752e+000
  4.933836074508e+000
  4.908873275616e+000
  4.883819983622e+000
  4.858688790546e+000
  4.833493108148e+000
  4.808243636607e+000
  4.782937432143e+000
  4.757589279664e+000
  4.732204875749e+000
  4.706791832768e+000
  4.681368881594e+000
  4.655931224866e+000
  4.630493356748e+000
  4.605065097984e+000
  4.579648308754e+000
  4.554257155409e+000
  4.528893553975e+000
  4.503567536688e+000
  4.478296827876e+000
  4.453081559985e+000
  4.427923999719e+000
  4.402839788972e+000
  4.377840688628e+000
  4.352923328590e+000
  4.328101354492e+000
  4.303388213556e+000
  4.278779223639e+000
  4.254296826905e+000
  4.229941785285e+000
  4.205716420793e+000
  4.181633822490e+000
  4.157699180892e+000
  4.133928583306e+000
  4.110318266923e+000
  4.086882566772e+000
  4.063627754256e+000
  4.040554848746e+000
  4.017678543008e+000
  3.995007340036e+000
  3.972544843699e+000
  3.950292122371e+000
  3.928262447112e+000
  3.906468946246e+000
  3.884910714436e+000
  3.863592248749e+000
  3.842527660524e+000
  3.821718308759e+000
  3.801170893279e+000
  3.780898201572e+000
  3.760896598620e+000
  3.741178777076e+000
  3.721751462021e+000
  3.702618415470e+000
  3.683789790275e+000
  3.665264672920e+000
  3.647053884285e+000
  3.629159724205e+000
  3.611591409886e+000
  3.594357951694e+000
  3.577460237419e+000
  3.560899348547e+000
  3.544686991860e+000
  3.528826619740e+000
  3.513321900938e+000
  3.498179282544e+000
  3.483409622909e+000
  3.469012522981e+000
  3.454987632679e+000
  3.441343366130e+000
  3.428085968364e+000
  3.415224143227e+000
  3.402754528067e+000
  3.390682302798e+000
  3.379017856044e+000
  3.367758052254e+000
  3.356908352280e+000
  3.346478470063e+000
  3.336468505636e+000
  3.326875999793e+000
  3.317710664118e+000
  3.308978003106e+000
  3.300674754310e+000
  3.292809245878e+000
  3.285383168283e+000
  3.278397179616e+000
  3.271855767143e+000
  3.265764212888e+000
  3.260122338787e+000
  3.254932697213e+000
  3.250197807925e+000
  3.245917575087e+000
  3.242097101517e+000
  3.238738671861e+000
  3.235842513695e+000
  3.233410913030e+000
  3.231446447279e+000
  3.229946648643e+000
  3.228916464045e+000
  3.228360688993e+000
  3.228272128548e+000
  3.228653224384e+000
  3.229513657522e+000
  3.230848611016e+000
  3.232653224823e+000
  3.234932422081e+000
  3.237677029347e+000
  3.240616686722e+000
  3.243498753769e+000
