  0.0000000e+000
 -1.0768768e-003
 -2.3071791e-003
 -3.6903958e-003
 -5.2259912e-003
 -6.9134052e-003
 -8.7520531e-003
 -1.0741326e-002
 -1.2880591e-002
 -1.5169191e-002
 -1.7606446e-002
 -2.0191650e-002
 -2.2924076e-002
 -2.5802973e-002
 -2.8827566e-002
 -3.1997058e-002
 -3.5310628e-002
 -3.8767435e-002
 -4.2366611e-002
 -4.6107270e-002
 -4.9988502e-002
 -5.4009376e-002
 -5.8168937e-002
 -6.2466212e-002
 -6.6900204e-002
 -7.1469897e-002
 -7.6174251e-002
 -8.1012209e-002
 -8.5982690e-002
 -9.1084597e-002
 -9.6316809e-002
 -1.0167819e-001
 -1.0716757e-001
 -1.1278379e-001
 -1.1852563e-001
 -1.2439189e-001
 -1.3038134e-001
 -1.3649271e-001
 -1.4272474e-001
 -1.4907613e-001
 -1.5554559e-001
 -1.6213178e-001
 -1.6883337e-001
 -1.7564899e-001
 -1.8257728e-001
 -1.8961683e-001
 -1.9676625e-001
 -2.0402411e-001
 -2.1138897e-001
 -2.1885937e-001
 -2.2643386e-001
 -2.3411093e-001
 -2.4188910e-001
 -2.4976685e-001
 -2.5774266e-001
 -2.6581499e-001
 -2.7398227e-001
 -2.8224295e-001
 -2.9059544e-001
 -2.9903816e-001
 -3.0756949e-001
 -3.1618783e-001
 -3.2489153e-001
 -3.3367898e-001
 -3.4254851e-001
 -3.5149846e-001
 -3.6052716e-001
 -3.6963293e-001
 -3.7881408e-001
 -3.8806890e-001
 -3.9739569e-001
 -4.0679273e-001
 -4.1625828e-001
 -4.2579061e-001
 -4.3538799e-001
 -4.4504864e-001
 -4.5477082e-001
 -4.6455276e-001
 -4.7439268e-001
 -4.8428881e-001
 -4.9423935e-001
 -5.0424252e-001
 -5.1429651e-001
 -5.2439952e-001
 -5.3454976e-001
 -5.4474539e-001
 -5.5498461e-001
 -5.6526559e-001
 -5.7558651e-001
 -5.8594554e-001
 -5.9634084e-001
 -6.0677060e-001
 -6.1723296e-001
 -6.2772608e-001
 -6.3824814e-001
 -6.4879728e-001
 -6.5937166e-001
 -6.6996944e-001
 -6.8058877e-001
 -6.9122781e-001
 -7.0188471e-001
 -7.1255762e-001
 -7.2324470e-001
 -7.3394411e-001
 -7.4465401e-001
 -7.5537255e-001
 -7.6609790e-001
 -7.7682821e-001
 -7.8756166e-001
 -7.9829641e-001
 -8.0903063e-001
 -8.1976250e-001
 -8.3049020e-001
 -8.4121190e-001
 -8.5192580e-001
 -8.6263009e-001
 -8.7332296e-001
 -8.8400261e-001
 -8.9466724e-001
 -9.0531508e-001
 -9.1594434e-001
 -9.2655324e-001
 -9.3714002e-001
 -9.4770291e-001
 -9.5824015e-001
 -9.6875000e-001
 -9.7923072e-001
 -9.8968057e-001
 -1.0000978e+000
 -1.0104808e+000
 -1.0208278e+000
 -1.0311370e+000
 -1.0414068e+000
 -1.0516356e+000
 -1.0618216e+000
 -1.0719632e+000
 -1.0820588e+000
 -1.0921067e+000
 -1.1021052e+000
 -1.1120529e+000
 -1.1219479e+000
 -1.1317889e+000
 -1.1415741e+000
 -1.1513020e+000
 -1.1609711e+000
 -1.1705799e+000
 -1.1801266e+000
 -1.1896100e+000
 -1.1990284e+000
 -1.2083804e+000
 -1.2176644e+000
 -1.2268791e+000
 -1.2360230e+000
 -1.2450946e+000
 -1.2540924e+000
 -1.2630152e+000
 -1.2718616e+000
 -1.2806300e+000
 -1.2893192e+000
 -1.2979279e+000
 -1.3064546e+000
 -1.3148981e+000
 -1.3232571e+000
 -1.3315303e+000
 -1.3397165e+000
 -1.3478143e+000
 -1.3558226e+000
 -1.3637401e+000
 -1.3715657e+000
 -1.3792981e+000
 -1.3869362e+000
 -1.3944789e+000
 -1.4019250e+000
 -1.4092734e+000
 -1.4165231e+000
 -1.4236728e+000
 -1.4307217e+000
 -1.4376686e+000
 -1.4445126e+000
 -1.4512526e+000
 -1.4578877e+000
 -1.4644168e+000
 -1.4708391e+000
 -1.4771537e+000
 -1.4833596e+000
 -1.4894559e+000
 -1.4954418e+000
 -1.5013164e+000
 -1.5070790e+000
 -1.5127286e+000
 -1.5182646e+000
 -1.5236861e+000
 -1.5289924e+000
 -1.5341829e+000
 -1.5392567e+000
 -1.5442132e+000
 -1.5490517e+000
 -1.5537716e+000
 -1.5583723e+000
 -1.5628532e+000
 -1.5672136e+000
 -1.5714531e+000
 -1.5755710e+000
 -1.5795669e+000
 -1.5834403e+000
 -1.5871907e+000
 -1.5908176e+000
 -1.5943206e+000
 -1.5976993e+000
 -1.6009533e+000
 -1.6040823e+000
 -1.6070858e+000
 -1.6099635e+000
 -1.6127152e+000
 -1.6153405e+000
 -1.6178392e+000
 -1.6202111e+000
 -1.6224558e+000
 -1.6245733e+000
 -1.6265633e+000
 -1.6284257e+000
 -1.6301602e+000
 -1.6317669e+000
 -1.6332456e+000
 -1.6345963e+000
 -1.6358188e+000
 -1.6369132e+000
 -1.6378793e+000
 -1.6387174e+000
 -1.6394272e+000
 -1.6400090e+000
 -1.6404628e+000
 -1.6407886e+000
 -1.6409867e+000
 -1.6410570e+000
 -1.6409997e+000
 -1.6408152e+000
 -1.6405034e+000
 -1.6400646e+000
 -1.6394991e+000
 -1.6388072e+000
 -1.6379890e+000
 -1.6370449e+000
 -1.6359751e+000
 -1.6347801e+000
 -1.6334602e+000
 -1.6320157e+000
 -1.6304470e+000
 -1.6287545e+000
 -1.6269387e+000
 -1.6250000e+000
 -1.6229389e+000
 -1.6207558e+000
 -1.6184512e+000
 -1.6160258e+000
 -1.6134799e+000
 -1.6108142e+000
 -1.6080293e+000
 -1.6051257e+000
 -1.6021040e+000
 -1.5989649e+000
 -1.5957090e+000
 -1.5923370e+000
 -1.5888495e+000
 -1.5852474e+000
 -1.5815311e+000
 -1.5777016e+000
 -1.5737595e+000
 -1.5697057e+000
 -1.5655408e+000
 -1.5612657e+000
 -1.5568812e+000
 -1.5523881e+000
 -1.5477873e+000
 -1.5430797e+000
 -1.5382660e+000
 -1.5333472e+000
 -1.5283242e+000
 -1.5231978e+000
 -1.5179692e+000
 -1.5126391e+000
 -1.5072085e+000
 -1.5016785e+000
 -1.4960499e+000
 -1.4903239e+000
 -1.4845013e+000
 -1.4785833e+000
 -1.4725709e+000
 -1.4664652e+000
 -1.4602671e+000
 -1.4539777e+000
 -1.4475983e+000
 -1.4411298e+000
 -1.4345733e+000
 -1.4279301e+000
 -1.4212012e+000
 -1.4143877e+000
 -1.4074909e+000
 -1.4005119e+000
 -1.3934518e+000
 -1.3863119e+000
 -1.3790933e+000
 -1.3717973e+000
 -1.3644250e+000
 -1.3569778e+000
 -1.3494567e+000
 -1.3418631e+000
 -1.3341982e+000
 -1.3264633e+000
 -1.3186596e+000
 -1.3107884e+000
 -1.3028509e+000
 -1.2948485e+000
 -1.2867825e+000
 -1.2786542e+000
 -1.2704648e+000
 -1.2622156e+000
 -1.2539081e+000
 -1.2455435e+000
 -1.2371231e+000
 -1.2286483e+000
 -1.2201204e+000
 -1.2115408e+000
 -1.2029108e+000
 -1.1942318e+000
 -1.1855050e+000
 -1.1767320e+000
 -1.1679140e+000
 -1.1590524e+000
 -1.1501486e+000
 -1.1412040e+000
 -1.1322198e+000
 -1.1231976e+000
 -1.1141387e+000
 -1.1050444e+000
 -1.0959162e+000
 -1.0867554e+000
 -1.0775634e+000
 -1.0683417e+000
 -1.0590915e+000
 -1.0498143e+000
 -1.0405115e+000
 -1.0311844e+000
 -1.0218345e+000
 -1.0124631e+000
 -1.0030716e+000
 -9.9366137e-001
 -9.8423383e-001
 -9.7479034e-001
 -9.6533229e-001
 -9.5586105e-001
 -9.4637799e-001
 -9.3688448e-001
 -9.2738190e-001
 -9.1787161e-001
 -9.0835498e-001
 -8.9883335e-001
 -8.8930810e-001
 -8.7978056e-001
 -8.7025210e-001
 -8.6072404e-001
 -8.5119773e-001
 -8.4167451e-001
 -8.3215570e-001
 -8.2264262e-001
 -8.1313660e-001
 -8.0363895e-001
 -7.9415097e-001
 -7.8467396e-001
 -7.7520921e-001
 -7.6575803e-001
 -7.5632168e-001
 -7.4690143e-001
 -7.3749857e-001
 -7.2811434e-001
 -7.1875000e-001
 -7.0940679e-001
 -7.0008595e-001
 -6.9078871e-001
 -6.8151628e-001
 -6.7226988e-001
 -6.6305071e-001
 -6.5385996e-001
 -6.4469882e-001
 -6.3556847e-001
 -6.2647006e-001
 -6.1740476e-001
 -6.0837371e-001
 -5.9937805e-001
 -5.9041891e-001
 -5.8149740e-001
 -5.7261462e-001
 -5.6377168e-001
 -5.5496965e-001
 -5.4620961e-001
 -5.3749262e-001
 -5.2881973e-001
 -5.2019198e-001
 -5.1161040e-001
 -5.0307601e-001
 -4.9458980e-001
 -4.8615278e-001
 -4.7776591e-001
 -4.6943017e-001
 -4.6114652e-001
 -4.5291589e-001
 -4.4473922e-001
 -4.3661742e-001
 -4.2855139e-001
 -4.2054203e-001
 -4.1259022e-001
 -4.0469681e-001
 -3.9686267e-001
 -3.8908862e-001
 -3.8137550e-001
 -3.7372410e-001
 -3.6613523e-001
 -3.5860967e-001
 -3.5114819e-001
 -3.4375154e-001
 -3.3642046e-001
 -3.2915567e-001
 -3.2195789e-001
 -3.1482782e-001
 -3.0776612e-001
 -3.0077348e-001
 -2.9385054e-001
 -2.8699794e-001
 -2.8021630e-001
 -2.7350623e-001
 -2.6686833e-001
 -2.6030316e-001
 -2.5381129e-001
 -2.4739327e-001
 -2.4104963e-001
 -2.3478089e-001
 -2.2858754e-001
 -2.2247007e-001
 -2.1642895e-001
 -2.1046464e-001
 -2.0457757e-001
 -1.9876817e-001
 -1.9303684e-001
 -1.8738398e-001
 -1.8180996e-001
 -1.7631515e-001
 -1.7089988e-001
 -1.6556450e-001
 -1.6030930e-001
 -1.5513459e-001
 -1.5004065e-001
 -1.4502775e-001
 -1.4009614e-001
 -1.3524604e-001
 -1.3047769e-001
 -1.2579128e-001
 -1.2118700e-001
 -1.1666503e-001
 -1.1222551e-001
 -1.0786859e-001
 -1.0359439e-001
 -9.9403029e-002
 -9.5294591e-002
 -9.1269155e-002
 -8.7326785e-002
 -8.3467527e-002
 -7.9691412e-002
 -7.5998455e-002
 -7.2388657e-002
 -6.8862003e-002
 -6.5418462e-002
 -6.2057989e-002
 -5.8780523e-002
 -5.5585988e-002
 -5.2474292e-002
 -4.9445329e-002
 -4.6498979e-002
 -4.3635104e-002
 -4.0853555e-002
 -3.8154166e-002
 -3.5536756e-002
 -3.3001131e-002
 -3.0547080e-002
 -2.8174380e-002
 -2.5882793e-002
 -2.3672066e-002
 -2.1541932e-002
 -1.9492111e-002
 -1.7522307e-002
 -1.5632211e-002
 -1.3821502e-002
 -1.2089843e-002
 -1.0436883e-002
 -8.8622602e-003
 -7.3655965e-003
 -5.9465021e-003
 -4.6045739e-003
 -3.3393953e-003
 -2.1505370e-003
 -1.0375569e-003
  0.0000000e+000
  9.6260106e-004
  1.8507263e-003
  2.6648679e-003
  3.4055305e-003
  4.0732306e-003
  4.6684967e-003
  5.1918693e-003
  5.6439004e-003
  6.0251535e-003
  6.3362036e-003
  6.5776372e-003
  6.7500514e-003
  6.8540548e-003
  6.8902666e-003
  6.8593166e-003
  6.7618454e-003
  6.5985037e-003
  6.3699527e-003
  6.0768635e-003
  5.7199173e-003
  5.2998050e-003
  4.8172270e-003
  4.2728934e-003
  3.6675233e-003
  3.0018452e-003
  2.2765966e-003
  1.4925235e-003
  6.5038081e-004
 -2.4906810e-004
 -1.2050516e-003
 -2.2167900e-003
 -3.2834954e-003
 -4.4043724e-003
 -5.5786177e-003
 -6.8054206e-003
 -8.0839633e-003
 -9.4134206e-003
 -1.0792961e-002
 -1.2221745e-002
 -1.3698927e-002
 -1.5223657e-002
 -1.6795075e-002
 -1.8412318e-002
 -2.0074516e-002
 -2.1780794e-002
 -2.3530270e-002
 -2.5322058e-002
 -2.7155266e-002
 -2.9028998e-002
 -3.0942353e-002
 -3.2894424e-002
 -3.4884301e-002
 -3.6911071e-002
 -3.8973814e-002
 -4.1071607e-002
 -4.3203525e-002
 -4.5368638e-002
 -4.7566014e-002
 -4.9794715e-002
 -5.2053804e-002
 -5.4342338e-002
 -5.6659373e-002
 -5.9003963e-002
 -6.1375159e-002
 -6.3772009e-002
 -6.6193561e-002
 -6.8638861e-002
 -7.1106954e-002
 -7.3596881e-002
 -7.6107684e-002
 -7.8638406e-002
 -8.1188086e-002
 -8.3755763e-002
 -8.6340477e-002
 -8.8941268e-002
 -9.1557174e-002
 -9.4187235e-002
 -9.6830490e-002
 -9.9485980e-002
 -1.0215275e-001
 -1.0482983e-001
 -1.0751627e-001
 -1.1021112e-001
 -1.1291343e-001
 -1.1562223e-001
 -1.1833657e-001
 -1.2105552e-001
 -1.2377811e-001
 -1.2650342e-001
 -1.2923049e-001
 -1.3195839e-001
 -1.3468617e-001
 -1.3741292e-001
 -1.4013769e-001
 -1.4285956e-001
 -1.4557760e-001
 -1.4829090e-001
 -1.5099854e-001
 -1.5369961e-001
 -1.5639320e-001
 -1.5907841e-001
 -1.6175433e-001
 -1.6442008e-001
 -1.6707476e-001
 -1.6971749e-001
 -1.7234740e-001
 -1.7496359e-001
 -1.7756521e-001
 -1.8015140e-001
 -1.8272129e-001
 -1.8527403e-001
 -1.8780878e-001
 -1.9032470e-001
 -1.9282095e-001
 -1.9529671e-001
 -1.9775115e-001
 -2.0018346e-001
 -2.0259284e-001
 -2.0497849e-001
 -2.0733960e-001
 -2.0967540e-001
 -2.1198511e-001
 -2.1426795e-001
 -2.1652317e-001
 -2.1875000e-001
 -2.2094770e-001
 -2.2311553e-001
 -2.2525275e-001
 -2.2735864e-001
 -2.2943249e-001
 -2.3147359e-001
 -2.3348124e-001
 -2.3545475e-001
 -2.3739344e-001
 -2.3929663e-001
 -2.4116367e-001
 -2.4299389e-001
 -2.4478665e-001
 -2.4654132e-001
 -2.4825727e-001
 -2.4993388e-001
 -2.5157055e-001
 -2.5316666e-001
 -2.5472164e-001
 -2.5623491e-001
 -2.5770589e-001
 -2.5913403e-001
 -2.6051878e-001
 -2.6185960e-001
 -2.6315595e-001
 -2.6440732e-001
 -2.6561320e-001
 -2.6677309e-001
 -2.6788651e-001
 -2.6895297e-001
 -2.6997201e-001
 -2.7094317e-001
 -2.7186600e-001
 -2.7274007e-001
 -2.7356496e-001
 -2.7434024e-001
 -2.7506553e-001
 -2.7574041e-001
 -2.7636452e-001
 -2.7693748e-001
 -2.7745893e-001
 -2.7792853e-001
 -2.7834593e-001
 -2.7871080e-001
 -2.7902284e-001
 -2.7928174e-001
 -2.7948720e-001
 -2.7963895e-001
 -2.7973670e-001
 -2.7978021e-001
 -2.7976921e-001
 -2.7970349e-001
 -2.7958280e-001
 -2.7940693e-001
 -2.7917568e-001
 -2.7888885e-001
 -2.7854627e-001
 -2.7814776e-001
 -2.7769317e-001
 -2.7718234e-001
 -2.7661514e-001
 -2.7599144e-001
 -2.7531113e-001
 -2.7457411e-001
 -2.7378027e-001
 -2.7292955e-001
 -2.7202187e-001
 -2.7105717e-001
 -2.7003541e-001
 -2.6895654e-001
 -2.6782054e-001
 -2.6662739e-001
 -2.6537710e-001
 -2.6406966e-001
 -2.6270510e-001
 -2.6128344e-001
 -2.5980471e-001
 -2.5826898e-001
 -2.5667630e-001
 -2.5502674e-001
 -2.5332038e-001
 -2.5155731e-001
 -2.4973764e-001
 -2.4786147e-001
 -2.4592894e-001
 -2.4394016e-001
 -2.4189530e-001
 -2.3979449e-001
 -2.3763790e-001
 -2.3542571e-001
 -2.3315810e-001
 -2.3083525e-001
 -2.2845738e-001
 -2.2602470e-001
 -2.2353742e-001
 -2.2099577e-001
 -2.1840001e-001
 -2.1575038e-001
 -2.1304713e-001
 -2.1029054e-001
 -2.0748089e-001
 -2.0461845e-001
 -2.0170353e-001
 -1.9873642e-001
 -1.9571745e-001
 -1.9264694e-001
 -1.8952520e-001
 -1.8635259e-001
 -1.8312944e-001
 -1.7985612e-001
 -1.7653298e-001
 -1.7316040e-001
 -1.6973876e-001
 -1.6626843e-001
 -1.6274982e-001
 -1.5918333e-001
 -1.5556936e-001
 -1.5190834e-001
 -1.4820068e-001
 -1.4444682e-001
 -1.4064719e-001
 -1.3680224e-001
 -1.3291242e-001
 -1.2897818e-001
 -1.2500000e-001
 -1.2097834e-001
 -1.1691368e-001
 -1.1280650e-001
 -1.0865729e-001
 -1.0446655e-001
 -1.0023477e-001
 -9.5962467e-002
 -9.1650146e-002
 -8.7298326e-002
 -8.2907528e-002
 -7.8478281e-002
 -7.4011115e-002
 -6.9506569e-002
 -6.4965183e-002
 -6.0387504e-002
 -5.5774082e-002
 -5.1125473e-002
 -4.6442234e-002
 -4.1724930e-002
 -3.6974127e-002
 -3.2190395e-002
 -2.7374309e-002
 -2.2526446e-002
 -1.7647387e-002
 -1.2737716e-002
 -7.7980203e-003
 -2.8288895e-003
  2.1690836e-003
  7.1953037e-003
  1.2249173e-002
  1.7330092e-002
  2.2437457e-002
  2.7570666e-002
  3.2729110e-002
  3.7912184e-002
  4.3119276e-002
  4.8349777e-002
  5.3603073e-002
  5.8878551e-002
  6.4175597e-002
  6.9493595e-002
  7.4831929e-002
  8.0189982e-002
  8.5567137e-002
  9.0962775e-002
  9.6376280e-002
  1.0180703e-001
  1.0725442e-001
  1.1271781e-001
  1.1819660e-001
  1.2369017e-001
  1.2919790e-001
  1.3471918e-001
  1.4025339e-001
  1.4579992e-001
  1.5135815e-001
  1.5692748e-001
  1.6250730e-001
  1.6809699e-001
  1.7369596e-001
  1.7930359e-001
  1.8491929e-001
  1.9054246e-001
  1.9617249e-001
  2.0180879e-001
  2.0745076e-001
  2.1309783e-001
  2.1874939e-001
  2.2440487e-001
  2.3006368e-001
  2.3572525e-001
  2.4138899e-001
  2.4705434e-001
  2.5272072e-001
  2.5838758e-001
  2.6405435e-001
  2.6972047e-001
  2.7538539e-001
  2.8104857e-001
  2.8670944e-001
  2.9236749e-001
  2.9802216e-001
  3.0367293e-001
  3.0931926e-001
  3.1496064e-001
  3.2059656e-001
  3.2622648e-001
  3.3184992e-001
  3.3746636e-001
  3.4307531e-001
  3.4867628e-001
  3.5426878e-001
  3.5985233e-001
  3.6542646e-001
  3.7099069e-001
  3.7654457e-001
  3.8208763e-001
  3.8761943e-001
  3.9313951e-001
  3.9864745e-001
  4.0414280e-001
  4.0962515e-001
  4.1509407e-001
  4.2054914e-001
  4.2598997e-001
  4.3141614e-001
  4.3682728e-001
  4.4222299e-001
  4.4760289e-001
  4.5296662e-001
  4.5831379e-001
  4.6364407e-001
  4.6895709e-001
  4.7425252e-001
  4.7953001e-001
  4.8478924e-001
  4.9002989e-001
  4.9525164e-001
  5.0045419e-001
  5.0563723e-001
  5.1080048e-001
  5.1594366e-001
  5.2106648e-001
  5.2616868e-001
  5.3125000e-001
  5.3631019e-001
  5.4134900e-001
  5.4636620e-001
  5.5136156e-001
  5.5633486e-001
  5.6128589e-001
  5.6621444e-001
  5.7112032e-001
  5.7600334e-001
  5.8086332e-001
  5.8570009e-001
  5.9051349e-001
  5.9530336e-001
  6.0006956e-001
  6.0481194e-001
  6.0953039e-001
  6.1422477e-001
  6.1889497e-001
  6.2354089e-001
  6.2816244e-001
  6.3275952e-001
  6.3733205e-001
  6.4187996e-001
  6.4640320e-001
  6.5090170e-001
  6.5537542e-001
  6.5982432e-001
  6.6424836e-001
  6.6864754e-001
  6.7302183e-001
  6.7737123e-001
  6.8169575e-001
  6.8599539e-001
  6.9027018e-001
  6.9452014e-001
  6.9874530e-001
  7.0294572e-001
  7.0712145e-001
  7.1127254e-001
  7.1539906e-001
  7.1950110e-001
  7.2357873e-001
  7.2763204e-001
  7.3166115e-001
  7.3566614e-001
  7.3964715e-001
  7.4360430e-001
  7.4753771e-001
  7.5144753e-001
  7.5533389e-001
  7.5919697e-001
  7.6303691e-001
  7.6685389e-001
  7.7064809e-001
  7.7441968e-001
  7.7816886e-001
  7.8189583e-001
  7.8560080e-001
  7.8928397e-001
  7.9294556e-001
  7.9658581e-001
  8.0020495e-001
  8.0380321e-001
  8.0738085e-001
  8.1093812e-001
  8.1447527e-001
  8.1799259e-001
  8.2149033e-001
  8.2496878e-001
  8.2842823e-001
  8.3186896e-001
  8.3529129e-001
  8.3869550e-001
  8.4208192e-001
  8.4545085e-001
  8.4880262e-001
  8.5213756e-001
  8.5545601e-001
  8.5875829e-001
  8.6204476e-001
  8.6531576e-001
  8.6857165e-001
  8.7181278e-001
  8.7503953e-001
  8.7825227e-001
  8.8145136e-001
  8.8463719e-001
  8.8781013e-001
  8.9097059e-001
  8.9411895e-001
  8.9725560e-001
  9.0038096e-001
  9.0349542e-001
  9.0659939e-001
  9.0969329e-001
  9.1277754e-001
  9.1585255e-001
  9.1891874e-001
  9.2197656e-001
  9.2502641e-001
  9.2806875e-001
  9.3110400e-001
  9.3413261e-001
  9.3715501e-001
  9.4017166e-001
  9.4318300e-001
  9.4618948e-001
  9.4919156e-001
  9.5218968e-001
  9.5518431e-001
  9.5817590e-001
  9.6116492e-001
  9.6415182e-001
  9.6713708e-001
  9.7012115e-001
  9.7310450e-001
  9.7608761e-001
  9.7907094e-001
  9.8205495e-001
  9.8504013e-001
  9.8802695e-001
  9.9101587e-001
  9.9400737e-001
  9.9700192e-001
  1.0000000e+000
